01007
01035
01036
01041
01069
01086
01101
01116
01119
01129
01151
01453
01473
01474
01501
01517
01525
01527
01538
01560
01561
01588
01590
01603
01607
01610
01611
01718
01938
01950
01951
02325
02338
02712
02726
02761
02763
02777
02806
02885
03034
03037
03043
03044
03073
03077
03086
03105
03106
03107
03108
03111
03281
03290
03805
03819
03820
03824
03825
03833
03857
03861
03865
03869
03878
03885
03901
03903
03904
03906
03908
03909
06006
06028
06076
06333
06357
06412
06414
06456
06820
06842
06850
06853
06854
06856
06901
06904
06905
06906
06907
06910
06911
06912
06913
06914
06920
06921
06922
06925
06926
06927
06928
07097
07303
07390
07395
07399
07418
07421
07422
07462
07753
07820
07821
07838
07840
07845
07856
07865
07870
07880
07924
07938
07978
08020
08022
08032
08051
08061
08085
08512
08525
08541
08542
08543
08544
08555
08560
08701
08723
08733
08753
08755
08757
08822
08826
08848
10518
10579
10914
10921
10924
10933
10940
10950
10975
10981
10988
10992
11509
11693
11706
11707
11721
11740
11795
11901
11941
12518
12533
12564
12803
12804
12822
12828
12831
12846
12866
14001
14004
14150
14207
14208
14209
14213
14214
14216
14217
14222
14223
14226
14228
14231
14261
15037
15057
15064
15085
15088
15276
15332
15613
15615
15632
15636
15642
15644
15647
16112
16116
16132
16143
16155
16159
17003
17041
17042
17109
17111
17112
17222
17302
17309
17312
17313
17317
17318
17322
17331
17345
17347
17366
17368
17401
17403
17404
17405
17408
17415
17512
17516
17532
17547
17550
17551
17552
17554
17565
17570
17575
17582
17601
17603
18039
18058
18059
18069
18078
18081
18083
18085
18353
18444
18661
18922
18930
18951
18956
18977
19007
19028
19037
19055
19065
19091
19319
19331
19339
19340
19357
19373
19397
19398
19399
19420
19474
19481
19482
19487
19488
19489
19493
19494
19495
19496
19507
19529
19703
19713
19720
19732
19802
19804
19805
19808
19809
19887
20115
20138
20188
20602
20609
20615
20617
20619
20620
20627
20634
20653
20657
20676
20677
20678
20685
20711
20776
20882
20886
20899
21001
21017
21028
21034
21036
21037
21050
21056
21071
21074
21080
21154
21157
21402
21403
21404
21411
21412
21669
21723
21794
21797
21903
21904
21921
22463
22545
22551
22580
22726
22932
23061
23072
23114
23120
23150
23184
23185
23186
23187
23188
23218
23219
23222
23227
23232
23240
23241
23242
23249
23260
23261
23266
23269
23270
23272
23273
23274
23275
23276
23278
23279
23282
23284
23285
23286
23289
23290
23291
23292
23293
23295
23297
23298
23432
23433
23435
23436
23520
23667
23670
23691
23694
23831
23838
23883
27028
27522
27562
27588
27597
27701
27707
28027
28098
28164
28401
28402
28403
28404
28405
28406
28407
28408
28410
28411
28420
28422
28429
28443
28445
28449
28461
28480
28704
28729
28730
28732
28735
28739
28742
28758
28759
28760
28768
28776
28791
28792
28803
29033
29072
29073
29169
29170
29172
29210
29212
29401
29402
29403
29407
29409
29412
29413
29415
29416
29417
29419
29422
29424
29425
29449
29450
29457
29461
29464
29466
29472
29483
29484
29487
29492
29577
29579
29582
29687
29690
29720
29733
30008
30034
30038
30048
30062
30069
30081
30115
30137
30141
30157
30169
30184
30301
30302
30303
30304
30325
30331
30334
30343
30348
30353
30354
30355
30357
30358
30361
30364
30368
30369
30370
30371
30374
30375
30376
30377
30379
30380
30384
30385
30386
30387
30388
30390
30392
30394
30396
30398
30399
30620
31106
31107
31120
31126
31131
31132
31139
31150
31156
31192
31193
31195
31196
31322
31405
31408
31415
31419
32003
32004
32006
32030
32065
32068
32127
32134
32163
32195
32201
32203
32204
32205
32208
32214
32215
32218
32219
32221
32222
32229
32230
32231
32232
32233
32235
32236
32237
32238
32239
32240
32241
32245
32247
32250
32254
32255
32266
32276
32290
32617
32704
32706
32720
32728
32739
32744
32753
32763
32774
32782
32784
32901
32902
32903
32904
32905
32906
32919
32922
32934
32935
32936
32937
32941
32959
33002
33011
33014
33016
33017
33107
33122
33127
33128
33129
33130
33131
33132
33135
33136
33137
33139
33140
33141
33145
33148
33182
33196
33222
33234
33255
33261
33403
33405
33408
33410
33458
33460
33477
33480
33514
33538
33541
33548
33558
33601
33602
33603
33605
33606
33614
33622
33623
33625
33629
33630
33631
33633
33634
33637
33646
33650
33651
33655
33660
33661
33662
33672
33673
33674
33675
33677
33679
33680
33681
33682
33684
33685
33686
33687
33689
33694
33780
33801
33802
33804
33806
33823
33838
33845
33850
33851
33853
33860
33881
33898
33909
33920
33922
33932
33936
33956
33974
33991
33993
34101
34102
34104
34105
34106
34107
34112
34113
34114
34116
34117
34219
34221
34251
34286
34292
34432
34483
34488
34489
34637
34652
34653
34690
34691
34715
34739
34762
34773
34945
34946
34947
34950
34951
37011
37020
37024
37031
37034
37065
37068
37071
37089
37118
37148
37149
37180
37189
37201
37202
37208
37213
37218
37219
37222
37224
37227
37228
37229
37230
37232
37234
37235
37236
37237
37238
37239
37240
37241
37242
37243
37244
37245
37246
37247
37248
37249
37250
39042
39043
39046
39110
39145
39157
39208
39211
39232
39564
39565
39901
40014
40018
40026
40047
40056
40109
40272
40356
40361
40475
40511
41005
41015
41022
41042
41073
41074
41080
41091
41094
43001
43008
43023
43025
43076
43098
43525
43532
43618
44011
44012
44021
44039
44044
44056
44060
44065
44096
44097
44103
44104
44106
44113
44120
44137
44140
44202
44234
44236
44241
44255
44256
44264
44266
44274
44280
44281
44286
44405
44406
44408
44425
44436
44442
44443
44452
44460
44471
44501
44502
44503
44504
44505
44506
44507
44509
44510
44511
44512
44513
44514
44515
44555
44598
44599
45002
45005
45013
45014
45066
45069
45202
45206
45207
45208
45210
45211
45215
45216
45218
45219
45226
45229
45231
45235
45236
45237
45240
45241
45242
45243
45246
45248
45251
45254
45275
46034
46072
46106
46107
46114
46118
46122
46130
46142
46143
46151
46184
46201
46203
46204
46225
46239
46259
46282
46301
46340
46347
46350
46355
46356
46360
46382
46384
46390
46704
46741
46745
46773
46783
46798
46814
47025
47040
47106
47117
48002
48003
48064
48106
48107
48113
48115
48131
48145
48158
48190
48423
48428
48430
48455
48462
49229
49236
49238
49286
49323
49401
49426
49427
49428
49468
49509
49519
49534
49544
51501
51503
51510
52722
52748
52753
52767
52801
52802
52803
52804
52805
52806
52807
52808
52809
53022
53029
53052
53089
53092
53097
53102
53105
53143
53149
53181
53182
53183
53185
53187
53188
53192
53217
53223
53224
53284
53285
53511
53702
55038
55042
55044
55082
55090
55115
55124
55125
55128
55303
55306
55327
55347
55356
55372
55378
55379
55569
60071
60080
60109
60112
60115
60129
60950
61024
61049
61052
61201
61204
61239
61240
61244
61256
61264
61265
61266
61282
61299
61517
61523
61525
61526
61528
61535
61547
61550
61552
61554
61555
61558
61559
61640
61725
61753
62010
62024
62048
62059
62067
62087
62095
62202
62207
62220
62222
62225
62239
62243
62258
62260
62293
62295
63001
63032
63033
63034
63101
63102
63106
63108
63109
63111
63113
63116
63120
63129
63136
63138
63147
63150
63151
63156
63157
63158
63160
63163
63164
63166
63169
63171
63177
63178
63179
63180
63182
63188
63190
63195
63197
63199
63386
63389
64153
64157
64158
64165
64166
66012
66109
66111
66112
66113
66218
66220
66226
66227
66286
67037
67201
67202
67203
67204
67206
67207
67208
67210
67211
67213
67214
67216
67217
67218
67219
67220
67221
67226
67228
67230
67251
67256
67257
67259
67260
67275
67276
67277
67278
68005
68016
68048
68054
68064
68069
68101
68102
68103
68108
68110
68113
68139
68172
68175
68176
68178
68179
68180
68181
68183
68197
68317
68336
68339
68347
68372
68404
68430
68461
68462
68501
68502
68503
68504
68505
68506
68507
68508
68509
68510
68512
68514
68516
68517
68520
68521
68522
68523
68524
68526
68527
68528
68529
68531
68532
68542
68544
68572
68583
68588
73045
73070
73090
74017
74019
74043
74047
74055
74117
74126
74130
74436
74857
75009
75114
75165
75167
75454
75701
75702
75703
75704
75707
75708
75709
75710
75711
75712
75713
75762
75791
75798
75799
76266
76574
77337
77362
77423
77471
77521
77522
77549
77565
77586
78002
78015
78109
78148
78204
78205
78206
78207
78210
78214
78215
78219
78225
78226
78227
78234
78237
78245
78246
78250
78252
78265
78269
78270
78278
78279
78280
78283
78285
78287
78288
78289
78291
78292
78293
78294
78295
78296
78297
78298
78299
78615
78642
78691
78724
78737
78739
78742
78747
78786
80233
80241
80302
80310
80502
80512
80513
80521
80522
80523
80526
80527
80533
80534
80535
80537
80538
80543
80551
80553
80603
80614
80631
80634
80645
80650
80651
80831
80841
80927
80938
80939
80951
81008
81501
81502
81503
81504
81505
81506
81507
81520
81521
81523
81524
81630
83401
83402
83404
83406
83427
83431
83442
83444
83454
83605
83607
83644
83651
83686
83701
83707
83711
83715
83717
83719
83720
83721
83722
83723
83724
83725
83726
83727
83728
83729
83730
83731
83732
83733
83735
83756
83799
84005
84013
84032
84050
85128
85138
85222
85228
85239
85629
85654
87053
87059
88001
88002
88003
88004
88005
88006
88007
88011
88012
88013
88032
88033
88044
88046
88047
88048
88052
88058
88072
89033
92202
92236
92258
92263
92274
92301
92307
92308
92341
92368
92393
92549
93014
93022
93106
93111
93116
93117
93118
93199
93203
93206
93220
93268
93276
93420
93444
93445
93550
93551
93762
93906
93923
93924
93940
93942
93943
93950
93955
94562
94933
94940
95001
95010
95012
95021
95062
95077
95381
95430
95441
95614
95627
95653
95692
95697
96706
96707
96709
96730
96759
96797
96862
97004
97042
97106
97116
97137
97305
97530
98065
98252
98258
98259
98315
98322
98364
98396
98501
98502
98503
98504
98505
98506
98507
98508
98509
98540
98589
98599
98629
99005
99203
99204
99605
01013
01014
01020
01021
01022
01027
01033
01040
01056
01073
01075
01085
01090
01095
01102
01103
01105
01107
01108
01109
01111
01114
01115
01118
01128
01133
01138
01139
01144
01152
01195
01199
01420
01434
01451
01467
01524
01534
01536
01543
01601
01602
01608
01612
01613
01614
01615
01653
01654
01655
01703
01704
01705
01719
01740
01745
01830
01831
01833
01834
01835
01860
01885
01913
01921
01922
01969
01985
02040
02055
02059
02324
02337
02762
02769
02780
02864
03033
03055
03057
03070
03082
03104
03841
03858
06019
06020
06022
06027
06041
06043
06045
06049
06057
06066
06071
06072
06080
06081
06083
06089
06090
06092
06441
06501
06502
06503
06504
06505
06506
06507
06508
06509
06510
06520
06521
06530
06531
06532
06533
06534
06535
06536
06537
06538
06540
06751
06759
06763
06778
06779
06782
06787
06795
06832
06836
06870
06878
06881
06888
06889
07308
07309
07403
07420
07435
07456
07461
07480
07712
07740
07755
07764
07828
07830
07836
07850
07853
07857
07863
07874
07921
07939
07946
07980
08016
08027
08055
08060
08080
08081
08090
08501
08510
08515
08534
08551
08558
08561
08601
08602
08603
08604
08605
08606
08607
08608
08609
08610
08611
08620
08625
08628
08629
08645
08646
08647
08650
08666
08677
08695
08821
08865
08870
08889
10505
10512
10519
10526
10527
10535
10540
10541
10578
10587
10588
10589
10597
10918
10958
10969
10973
10990
10998
11561
11702
11703
11708
11729
11731
11765
14026
14031
14052
14059
14075
14127
14140
14210
14215
14218
14219
14220
14221
14224
15049
15071
15101
15129
15143
15144
15225
15668
17022
17078
17356
17402
17406
18025
18032
18036
18040
18042
18043
18044
18049
18067
18077
18175
18902
18943
18980
19015
19022
19039
19048
19049
19052
19054
19056
19057
19060
19061
19081
19086
19094
19348
19380
19404
19407
19408
19409
19415
19423
19429
19473
19490
19707
19710
19735
19736
19806
19807
19810
20139
20186
20624
20636
20650
20656
20659
20660
20662
20675
20839
20862
20879
20880
20884
20885
20898
21005
21018
21023
21027
21048
21140
21155
21161
21409
21784
22135
22401
22402
22403
22404
22407
22408
22412
22471
22553
22712
22736
23005
23112
23113
23139
23146
23220
23223
23231
23236
23237
23304
23424
23601
23631
23653
23662
23665
23666
23669
23832
27526
27571
27591
28032
28079
28101
28107
28110
28126
28223
28261
28263
28409
28412
28428
28451
28479
29404
29405
29406
29410
29414
29418
29420
29423
29445
29455
29456
29470
29485
29526
29568
29744
29745
30011
30035
30052
30058
30066
30082
30102
30120
30121
30132
30188
30189
30308
30312
30313
30314
30315
30332
30363
30517
30542
30548
30680
31191
32043
32073
32086
32092
32095
32129
32136
32137
32164
32168
32176
32202
32209
32210
32212
32260
32277
32724
32725
32732
32736
32738
32754
32764
32780
32781
32783
32796
32926
32927
32940
32953
33010
33012
33125
33154
33157
33166
33167
33168
33172
33177
33181
33184
33193
33199
33401
33404
33407
33418
33455
33543
33544
33545
33565
33587
33595
33604
33607
33615
33706
33803
33805
33809
33810
33811
33815
33836
33868
33910
33914
33915
33917
33976
34103
34108
34109
34110
34119
34120
34133
34136
34205
34210
34222
34238
34472
34481
34484
34638
34655
34740
34756
34760
34770
34772
34788
34987
34992
37048
37060
37064
37067
37069
37077
37085
37116
37188
37203
37205
37207
37209
37212
37215
37221
39047
40023
40118
40165
40229
40245
40258
40269
41018
41048
41051
43086
43102
43103
43116
43130
43136
43402
43434
43447
43460
43465
43504
43522
43528
43537
43540
43542
43551
43552
43560
43566
43571
43601
43602
43603
43604
43605
43606
43607
43608
43609
43610
43611
43612
43613
43614
43615
43616
43617
43619
43620
43623
43624
43635
43652
43653
43654
43655
43656
43657
43659
43660
43661
43666
43667
43681
43682
43697
43699
44023
44067
44073
44087
44092
44094
44095
44108
44110
44112
44117
44118
44119
44121
44123
44132
44143
44177
44189
45001
45051
45052
45203
45214
45233
45238
46052
46064
46069
46075
46131
46168
46219
46227
46229
46237
46391
46393
46723
46748
46765
46774
46801
46802
46803
46804
46805
46806
46807
46808
46815
46818
46819
46825
46835
46845
46850
46851
46852
46853
46854
46855
46856
46857
46858
46859
46860
46861
46862
46863
46864
46865
46866
46867
46868
46869
46885
46895
46896
46897
46898
46899
47122
47136
47143
48028
48103
48133
48140
48144
48160
48162
48166
48176
48177
48182
48347
48356
48357
48442
49228
49248
49267
49270
49276
49315
49418
53046
53103
53126
53201
53202
53203
53204
53205
53206
53208
53209
53210
53211
53212
53213
53216
53218
53233
53234
53237
53259
53263
53267
53268
53270
53274
53277
53278
53280
53281
53288
53290
53293
53295
55025
55123
55340
60033
60072
60135
60520
60541
61012
61038
61079
61080
61088
61536
61548
61571
61601
61602
61603
61604
61605
61606
61607
61610
61611
61612
61613
61614
61615
61616
61625
61628
61629
61630
61632
61633
61634
61635
61636
61637
61638
61639
61641
61643
61644
61650
61651
61652
61653
61654
61655
61656
61701
61702
61704
61705
61709
61710
61730
61736
61737
61745
61748
61758
61761
61772
61776
61790
61791
61799
62034
62060
62062
62090
62205
62206
62208
62221
62226
62236
62240
62254
62269
62536
62558
62563
62625
62629
62661
62670
62677
62684
62701
62702
62703
62704
62705
62706
62707
62708
62709
62711
62712
62713
62715
62716
62718
62719
62720
62721
62722
62723
62726
62736
62739
62746
62756
62757
62761
62762
62763
62764
62765
62766
62767
62769
62776
62777
62781
62786
62791
62794
62796
63010
63051
63103
63104
63110
63112
63118
63125
63135
63139
63143
63145
63153
63362
63373
64002
64012
64015
64051
64056
64057
64068
64083
64147
64154
64155
64156
66061
66085
66160
66217
66219
68007
68104
68105
68106
68107
68109
68111
68117
68120
68123
68131
68132
68133
68147
68152
68155
68157
68182
68198
73007
73010
73016
73036
73044
74041
74063
74067
75119
75125
75166
76009
76035
76044
76058
76061
76087
76201
76202
76203
76204
76206
76207
76209
77058
77303
77318
77327
77328
77336
77345
77355
77356
77357
77372
77378
77410
77441
77535
77572
77573
78006
78154
78244
78255
78268
78617
78744
78748
79927
79928
79938
80023
80025
80026
80027
80028
80038
80234
80301
80303
80305
80425
80470
80501
80516
80524
80525
80528
80540
80546
80547
80550
80601
80602
80610
80615
80621
80829
80840
80903
80904
80905
80907
80908
80909
80915
80917
80918
80919
80920
80921
80922
80923
80924
83201
83202
83203
83204
83205
83206
83209
83212
83245
83250
83262
83634
85087
85117
85119
85127
85178
85217
85219
85278
85377
85738
85777
87001
88081
88901
88905
89002
89005
89009
89016
92068
92201
92203
92210
92211
92234
92235
92240
92241
92253
92255
92260
92261
92264
92270
92276
92292
92340
92344
92392
92394
92395
93044
93061
93067
93101
93102
93103
93105
93108
93109
93110
93120
93121
93130
93140
93150
93160
93190
93241
93382
93606
93626
93630
93637
93723
93907
93933
94576
94924
94938
94950
94956
94963
94973
95019
95020
95045
95638
95674
96518
96717
96782
96786
96789
96863
97013
97056
97113
97119
97132
97419
97437
98206
98223
98270
98282
98292
98312
98314
98323
98337
98349
98365
98378
98383
98393
98395
98512
98606
98671
99026
99201
99202
99205
99207
99208
99209
99210
99211
99212
99213
99214
99215
99217
99218
99219
99220
99224
99228
99251
99252
99256
99258
99260
99299
01028
01077
01089
01104
01106
01432
01460
01463
01470
01471
01472
01505
01510
01519
01520
01522
01523
01541
01545
01546
01564
01569
01583
01604
01605
01606
01609
01747
01749
01756
01827
01832
01863
01945
01971
02019
02050
02056
02060
02340
02359
02703
02760
03031
03041
03045
03101
03102
03811
03848
03873
06025
06029
06040
06042
06059
06064
06070
06082
06087
06101
06102
06103
06104
06108
06112
06115
06118
06120
06123
06126
06127
06128
06129
06131
06132
06134
06138
06140
06141
06142
06143
06144
06145
06146
06147
06150
06151
06152
06153
06154
06155
06156
06160
06161
06167
06176
06180
06183
06199
06248
06405
06424
06436
06440
06447
06471
06487
06512
06513
06519
06701
06703
06720
06721
06722
06723
06724
06725
06726
06749
06776
06783
06804
06838
06840
06851
06855
06902
06903
07306
07465
07702
07703
07724
07750
07752
07757
07799
07847
07849
07852
07930
07976
08004
08009
08046
08097
08505
08535
08550
08619
08638
08648
08690
08691
08862
08869
08896
10307
10308
10506
10507
10509
10517
10547
10549
10572
10576
11096
11726
11750
11751
11760
11940
12563
14043
14086
14203
14204
14206
14211
14212
14225
14227
14240
15024
15025
15035
15045
15068
15102
15108
15116
15123
15131
15133
15134
15139
15140
15142
15148
15202
15223
15239
15295
18001
18002
18003
18014
18016
18018
18037
18045
18052
18055
18101
18102
18104
18105
18109
18938
18940
18969
19014
19017
19030
19033
19047
19067
19070
19076
19078
19080
19088
19089
19098
19301
19312
19317
19342
19444
19452
19456
19483
19484
19485
19803
20177
20178
20601
20603
20623
20658
20695
20830
20841
20877
21010
21012
21047
21051
21052
21104
21111
21156
21405
22430
22555
23058
23059
23060
23103
23221
23224
23228
23234
23294
23551
23600
23602
23605
23606
23607
23609
23612
23628
23630
23661
23690
23693
23696
27540
27545
27661
27704
27709
27713
28056
28075
28078
28106
28120
28213
28215
28225
28227
29572
30077
30101
30127
30144
30156
30160
30309
30310
30316
30318
30346
30356
30366
30515
31119
32081
32114
32115
32116
32117
32118
32119
32120
32121
32122
32123
32125
32126
32159
32162
32174
32179
32198
32206
32207
32217
32223
32225
32226
32244
32259
32776
32952
33008
33013
33018
33029
33054
33114
33124
33133
33138
33142
33147
33150
33160
33161
33178
33186
33233
33280
33406
33409
33412
33413
33414
33415
33424
33425
33474
33508
33509
33510
33550
33559
33583
33596
33647
33708
33709
33710
33738
33744
33772
33776
33777
33781
33782
33785
33844
33848
33858
33897
33903
33904
33905
33918
33965
33971
33973
33990
34208
34211
34212
34228
34230
34231
34233
34239
34242
34276
34277
34278
34420
34470
34471
34473
34475
34477
34478
34479
34480
34482
34491
34660
34681
34697
34714
34731
34742
34745
34748
34759
34769
34777
34778
34785
34981
34997
37037
37075
37087
37127
37131
37132
37133
37138
37153
37204
37206
37216
37220
40027
40059
40218
40219
40220
40223
40228
40231
40242
40243
40291
40292
40299
41011
41016
41017
43017
43046
43085
43137
43146
43198
43203
43205
43217
43229
43231
43235
44024
44040
44105
44125
44131
44133
44134
44139
44141
44146
44147
44212
45204
45205
46061
46112
46113
46123
46158
46163
46183
46202
46214
46231
46234
46241
46262
46341
46383
46401
46403
46411
46809
46816
47111
47119
48023
48062
48104
48108
48109
48191
48350
48361
48380
53007
53008
53051
53072
53104
53108
53110
53168
53172
53179
53207
53222
53225
53235
55014
55304
55337
55344
55345
55391
55420
55434
55435
55437
55438
55439
55449
60075
60096
60097
60145
60146
60178
60182
60296
60297
60401
60450
61102
61104
61105
61106
61110
61125
61126
62013
62025
62203
62204
62223
62281
62294
63031
63052
63055
63069
63117
63123
63133
63140
63144
63346
63348
63365
64052
64055
64058
64064
64082
64121
64136
64144
64145
64149
64152
64160
64168
64173
64190
66062
66106
66201
66221
66224
68022
68046
68059
68122
68128
68142
73025
73026
73071
73085
74050
74101
74102
74103
74106
74110
74121
74127
74141
74147
74148
74149
74150
74152
74153
74155
74156
74157
74158
74159
74169
74170
74172
74182
74186
74187
74189
74192
74193
74429
75033
75078
76020
76097
76259
77305
77316
77339
77381
77393
77461
77520
77546
78163
78228
78238
78239
78634
78645
78646
78682
78721
78723
78734
78736
78745
78749
78751
78754
78771
78798
79907
80020
80437
80457
80503
83669
83687
83702
84049
84074
85120
85140
85653
87047
89011
89044
89054
91917
92220
92305
93013
93016
93031
93032
93034
93043
93263
93302
93303
93305
93306
93307
93380
93381
93383
93384
93385
93386
93387
93388
93389
93390
93613
93616
93625
93636
93638
93650
93657
93701
93702
93706
93707
93708
93709
93711
93712
93714
93715
93716
93717
93718
93721
93722
93724
93725
93728
93729
93730
93737
93740
93744
93745
93747
93750
93755
93760
93761
93764
93765
93771
93772
93773
93774
93775
93776
93777
93778
93779
93780
93786
93790
93791
93792
93793
93794
93844
93888
93908
94599
94946
94948
94971
94998
95004
95007
95023
95039
95046
95060
95316
95323
95386
95462
95471
95602
95667
96701
96818
96859
96860
96861
97060
97075
97076
97077
97078
97140
97291
97409
97424
97426
97431
97438
97446
97448
97454
97478
97482
97487
98045
98303
98327
98351
98384
98385
98516
98580
99021
99501
99502
99503
99504
99505
99506
99507
99508
99509
99511
99512
99513
99514
99515
99516
99517
99518
99520
99521
99522
99523
99524
99529
99530
99577
99599
99687
01001
01030
01450
01462
01464
01469
01580
01582
01701
01746
01754
01770
01775
01826
01840
01841
01842
01843
01850
01853
01854
01865
01889
01901
01903
01910
01915
01937
01961
02018
02025
02031
02038
02044
02061
02066
02093
02341
02766
03032
03036
03038
03049
03060
03061
03062
03063
03103
03109
03110
03827
05501
06002
06016
06026
06033
06035
06050
06060
06078
06088
06093
06096
06107
06431
06443
06459
06490
06516
06601
06650
06673
06699
06702
06706
06708
06710
06752
06770
06781
06784
06786
06791
06810
06811
06812
06813
06814
06816
06817
06828
06877
06890
06897
07007
07096
07099
07197
07304
07438
07442
07457
07495
07498
07507
07704
07710
07716
07718
07732
07737
07738
07739
07758
07760
07920
07926
07970
08026
08053
08063
08084
08091
08520
08527
08618
08810
08824
08852
08878
10281
10501
10536
10581
10590
10594
10931
10982
11051
11052
11053
11054
11055
11202
11241
11244
11245
11248
11249
11484
11691
11704
11739
11768
11769
11777
11792
11796
11933
11934
11949
11950
11951
11955
15017
15130
15136
15146
15147
15229
15235
15236
15238
15240
15241
15243
15264
15289
18015
18017
18020
18034
18064
18103
18925
19013
19021
19043
19095
19333
19382
19405
19406
19424
19460
20168
20176
20187
20646
20757
20833
20842
20855
20860
20861
21009
21014
21015
21035
21040
21085
21120
21123
21150
21152
21401
22405
22406
22728
23173
23225
23226
23229
23230
23233
23235
23238
23288
23314
23321
23450
23459
23465
23466
23467
23468
23471
23479
23603
23604
23608
23692
23703
27587
28012
28025
28104
28105
28130
28201
28202
28203
28204
28205
28206
28207
28209
28211
28212
28214
28218
28219
28220
28221
28222
28224
28228
28229
28230
28231
28232
28233
28234
28235
28236
28237
28240
28241
28242
28243
28244
28246
28247
28250
28253
28254
28255
28256
28258
28260
28262
28265
28266
28269
28271
28272
28274
28275
28280
28281
28282
28283
28284
28285
28286
28287
28288
28289
28290
28296
28297
28299
29710
29730
29732
30003
30010
30017
30031
30036
30037
30060
30067
30068
30078
30080
30085
30086
30091
30152
30317
30326
30328
30333
32082
32110
32124
32128
32211
32216
32224
32257
32258
32710
32713
32747
32771
32772
32795
33015
33055
33126
33134
33144
33146
33158
33162
33174
33175
33176
33183
33411
33417
33447
33448
33473
33482
33511
33527
33547
33569
33578
33584
33592
33610
33635
33757
33758
33766
33769
33773
33774
33778
33896
33900
33901
33902
33906
33907
33908
33911
33916
33919
33929
33966
33967
33994
34135
34232
34236
34237
34474
34476
34639
34682
34683
34711
34758
34949
34953
34958
34983
34984
34986
34995
34996
37046
37066
37072
37090
37115
37128
37130
37210
37211
37217
40025
40041
40201
40202
40205
40207
40208
40209
40210
40211
40212
40213
40214
40215
40216
40217
40221
40222
40224
40225
40232
40233
40241
40250
40251
40252
40253
40255
40256
40257
40259
40261
40266
40268
40270
40280
40281
40282
40283
40285
40287
40289
40290
40293
40294
40295
40296
40297
40298
43021
43054
43082
43112
43195
43196
43199
43211
43218
43224
43226
43234
43236
43251
43260
43266
43268
43270
43271
43272
43279
43287
43291
43299
43515
43558
44028
44070
44102
44107
44109
44116
44122
44124
44126
44128
44129
44138
44144
44145
44233
46040
46085
46208
46217
46221
46224
46228
46236
46254
46278
46304
46308
47129
47130
47131
47132
47133
47134
47144
47150
47151
47172
47190
47199
48159
48179
48189
48366
48370
48371
53005
53122
53129
53130
53132
53142
53146
53151
53154
53158
53189
53214
53215
53219
53220
53221
53226
53227
55075
55076
55109
55110
55119
55133
55144
55145
55146
55155
55164
55165
55166
55168
55169
55170
55171
55175
55187
55199
55316
55424
55431
55433
55436
55448
60039
60081
60098
60144
60152
60170
60180
60468
60481
61016
61072
61101
61103
61107
61108
61109
61112
61115
61130
61131
61132
62232
62234
63099
63105
63121
63128
63332
64030
64054
64063
64065
64081
64086
64101
64102
64105
64106
64110
64111
64112
64113
64133
64134
64137
64138
64139
64141
64142
64146
64148
64150
64151
64170
64171
64172
64179
64180
64183
64184
64185
64187
64188
64189
64191
64192
64194
64196
64197
64198
64199
64944
64999
66101
66102
66104
66105
66110
66115
66117
66118
66119
66202
66203
66204
66205
66209
66214
66215
66216
66222
66223
66225
66250
66276
66279
66282
66283
66285
68010
68028
68114
68116
68118
68124
68127
68130
68134
68135
68136
68137
68138
68144
68145
68154
68164
73020
73034
73065
73066
73069
73072
73083
73130
73150
73301
73344
74014
74015
74033
74066
74108
74116
74119
74131
75159
75173
75407
76084
77301
77304
77325
77347
77382
77384
77391
77447
77491
77492
77511
77562
78023
78261
78286
78653
78701
78702
78704
78708
78709
78711
78712
78713
78714
78715
78716
78718
78720
78722
78741
78755
78756
78760
78761
78762
78763
78764
78765
78766
78767
78768
78769
78772
78773
78774
78778
78779
78780
78781
78783
78785
78789
78799
79821
79913
79914
79917
79923
79926
79929
79931
79932
79936
79937
79940
79941
79943
79944
79945
79946
79947
79948
79949
79950
79951
79952
79953
79954
79955
79958
79960
79961
79976
79978
79980
79990
79995
79996
79997
79998
79999
80018
80019
80109
80249
80433
83221
83705
83706
84045
84087
84098
85045
85227
85396
85641
85652
85658
85747
87008
87116
87117
87118
87119
87121
87123
87124
87144
88063
88510
88511
88512
88513
88514
88515
88516
88517
88518
88519
88520
88521
88523
88524
88525
88526
88527
88528
88529
88530
88531
88532
88533
88534
88535
88536
88538
88539
88540
88541
88542
88543
88544
88545
88546
88547
88548
88549
88550
88553
88554
88555
88556
88557
88558
88559
88560
88561
88562
88563
88565
88566
88567
88568
88569
88570
88571
88572
88573
88574
88575
88576
88577
88578
88579
88580
88581
88582
88583
88584
88585
88586
88587
88588
88589
88590
88595
89012
89052
89053
89077
89085
89105
89165
89191
92061
92262
92321
92371
92546
92561
92581
93002
93003
93005
93006
93007
93009
93035
93301
93304
93308
93309
93311
93312
93313
93314
93611
93612
93619
93703
93704
93705
93710
93720
93726
93727
93741
93784
94548
94573
94978
95017
95038
95236
95237
95241
95253
95258
95307
95313
95319
95326
95328
95352
95353
95378
95380
95382
95397
95603
95645
95695
96734
96744
96795
96817
96819
96820
96825
96827
96845
96853
96858
97002
97006
97024
97045
97123
97124
97133
97298
97401
97402
97403
97404
97405
97408
97440
97455
97477
98213
98249
98260
98271
98329
98340
98492
98513
98604
98607
01503
01532
01702
01720
01721
01731
01741
01752
01772
01784
01805
01812
01844
01851
01852
01866
01879
01899
01902
01907
01970
01983
02053
02071
02333
02334
02339
02379
02479
02767
03051
03052
03054
03064
03076
03079
03087
05544
06001
06011
06023
06030
06034
06051
06053
06073
06074
06105
06106
06109
06110
06114
06117
06119
06133
06472
06480
06497
06511
06515
06517
06602
06610
06704
06712
06762
06798
06801
06807
06880
07302
07307
07311
07432
07436
07451
07463
07474
07509
07510
07511
07533
07538
07543
07544
07701
07731
07734
07748
07765
07801
07802
07803
07806
07842
07876
07885
07935
07962
07963
08003
08010
08012
08021
08043
08066
08076
08083
08086
08100
08101
08828
08853
08861
08863
08875
08884
08903
08905
08906
08933
08989
10041
10090
10270
10306
10313
10511
10521
10528
10548
10566
10596
10602
10610
10625
10633
10650
10926
10952
10974
10986
10987
11229
11240
11242
11243
11252
11254
11255
11256
11516
11559
11705
11713
11715
11719
11724
11725
11730
11757
11764
11766
11772
11775
11778
11786
11789
11798
15034
15106
15110
15112
15132
15145
15201
15204
15205
15209
15215
15224
15227
15230
15233
15237
15242
15244
15250
15251
15252
15253
15254
15255
15257
15258
15259
15261
15262
15263
15265
15266
15267
15268
15270
15272
15274
15277
15278
15279
15281
15282
15283
15285
15286
15290
18927
18944
18960
18991
19031
19032
19035
19073
19074
19079
19087
19113
19138
19150
19176
19355
19401
19426
19428
19438
19443
19462
20117
20137
20146
20149
20156
20198
20613
20703
20717
20718
20719
20721
20749
20752
20753
20759
20762
20777
20832
20847
20848
20849
20851
20857
20868
21041
21055
21136
21163
22093
23457
23458
23500
23501
23506
23508
23511
23512
23514
23515
23529
23541
23701
27502
27519
27523
27539
27623
27676
27703
28173
28208
28216
28270
28277
28278
29716
30023
30042
30049
30064
30072
30088
30305
30306
30362
31141
31145
31146
32246
32820
32831
32833
33022
33027
33081
33082
33083
33084
33179
33180
33256
33283
33296
33336
33435
33449
33461
33462
33549
33594
33619
33626
33755
33760
33761
33762
33775
33779
33837
34234
34241
34264
34270
34677
34684
34695
34747
37013
37014
37027
37076
37086
37129
37214
40203
40204
40206
43018
43026
43031
43069
43073
43081
43105
43119
43123
43125
43147
43202
43206
43207
43209
43214
43216
43220
43222
43223
43265
44017
44022
44026
44072
44111
44130
44135
44136
44142
44149
46055
46218
46222
46235
46303
46307
46368
46385
46405
46407
46409
46410
48362
53045
53150
53186
53228
55077
55101
55103
55106
55107
55111
55117
55118
55120
55121
55122
55127
55130
55150
55172
55311
55343
55369
55423
55425
55426
55428
55429
55441
55442
55443
55444
55445
55446
55447
55450
60417
60475
61011
61065
61073
61111
61114
62036
62040
62201
63119
63130
63134
63369
64050
64108
64109
64117
64118
64119
64128
64129
64130
66103
66207
66210
66211
66212
66213
66251
73084
73097
73199
74104
74115
74120
76008
76123
76178
76227
76247
77062
77306
77354
77383
77387
77507
77536
78201
78233
78266
78275
78284
78628
78630
78680
78683
78703
78705
78733
78735
78752
79835
79901
79902
79903
79904
79906
79910
79911
79912
79916
79920
79922
79924
79930
79968
79975
79982
79983
79984
79985
79987
79988
79989
79991
79992
79993
79994
80021
80024
80030
80035
80036
80037
80260
80504
80640
83616
83642
83646
83680
83703
83704
83709
83713
83714
83744
83788
84152
85147
85220
85735
85757
87004
87043
87048
87101
87102
87103
87104
87105
87106
87107
87108
87109
87110
87111
87112
87113
87114
87120
87122
87125
87131
87151
87153
87154
87158
87174
87176
87181
87184
87185
87187
87190
87191
87192
87193
87194
87195
87196
87197
87198
87199
87201
88008
89015
89156
91386
91901
92326
92531
93004
93532
94508
94511
94561
95350
95351
95354
95355
95357
95361
95367
95387
95390
95419
95446
95487
96801
96802
96803
96804
96805
96806
96807
96808
96809
96810
96811
96812
96813
96814
96815
96816
96821
96822
96823
96824
96826
96828
96830
96835
96836
96837
96838
96839
96840
96841
96842
96843
96844
96846
96847
96848
96849
96850
97007
97009
97062
97070
97080
97221
97224
97231
97239
97258
97271
97281
98050
98207
98353
98430
98642
98663
98665
98666
98668
98682
98684
98685
98686
98687
00501
00544
01568
01581
01757
01778
01806
01807
01808
01813
01815
01822
01888
01904
01923
02052
02054
02301
02302
02303
02304
02305
02351
02357
02370
02382
03053
06085
06095
06404
06408
06411
06419
06430
06432
06437
06454
06481
06493
06494
06495
06514
06604
06605
06606
06607
06608
06615
06705
06824
06825
06875
06876
06883
07029
07031
07071
07077
07101
07184
07188
07189
07191
07192
07193
07194
07195
07198
07199
07305
07401
07417
07440
07444
07452
07477
07481
07502
07505
07522
07721
07763
07777
07878
07933
07961
07983
08029
08049
08054
08075
08099
08104
08850
08855
08877
08902
10004
10005
10006
10045
10046
10047
10048
10271
10278
10279
10280
10305
10310
10311
10504
10543
10545
10546
10560
10592
10598
10629
10802
10984
10993
11217
11224
11235
11425
11542
11569
11579
11598
11701
11717
11727
11732
11733
11736
11737
11746
11747
11752
11754
11762
11773
11774
11776
11782
11784
11794
11953
11961
11973
15104
15122
15137
15203
15206
15210
15211
15212
15213
15214
15216
15218
15220
15221
15226
15228
15232
15234
15260
18915
18929
18932
18954
18964
19003
19008
19009
19029
19036
19041
19063
19066
19075
19085
19112
19114
19118
19126
19136
19148
19152
19154
19403
19455
19477
19486
20119
20169
20182
20193
20195
20196
20716
20741
20771
20799
20897
20914
20916
20993
21031
21032
21042
21062
21065
21087
21146
21219
21220
22096
22121
22194
22195
22554
22556
23326
23327
23328
23430
23503
23505
23507
23510
23517
23519
23530
23705
23708
23709
27511
27512
27513
27518
27529
27560
27601
27602
27605
27611
27614
27616
27617
27619
27620
27621
27622
27624
27625
27626
27627
27628
27629
27634
27635
27636
27640
27650
27656
27658
27668
27675
27690
27697
27698
27699
28134
28210
28217
28226
28273
29707
29708
29715
30002
30021
30032
30075
30079
30083
30084
30087
30339
30342
30347
30359
32712
32762
32893
33009
33028
33056
33074
33143
33155
33156
33165
33169
33173
33326
33331
33337
33426
33444
33463
33472
33483
33756
33763
33765
33770
33771
33912
33913
33928
33931
34134
34201
34202
34203
34204
34207
34235
34240
34243
34260
34685
34688
34689
34698
34771
34952
34957
34982
34990
34991
34994
37122
37135
37167
43004
43062
43068
43109
43110
43201
43204
43210
43212
43213
43215
43219
43221
43227
43228
43230
43232
46032
46037
46038
46074
46077
46082
46140
46205
46216
46260
46268
46280
46290
46373
46402
48005
48048
48050
48116
48117
48348
48383
55102
55104
55105
55112
55113
55116
55126
55161
55177
55182
55190
55191
55305
55417
55418
55419
55421
55427
60079
60087
60410
60484
60511
60545
61008
63042
63073
63126
63127
63302
64053
64114
64116
64120
64123
64124
64125
64126
64127
64131
64132
64161
66206
66208
73003
73012
73049
73064
73078
73110
73145
73151
73165
73173
74011
74012
74013
74037
74107
74128
74132
74134
75071
75123
75172
75185
75187
76036
76052
76126
76132
76299
77205
77209
77302
77365
77380
77385
77494
77532
77571
77588
77598
78209
78218
78256
78260
78626
78717
78732
78746
79905
79908
79915
79918
79925
79934
79935
79966
79973
79974
79977
80001
80002
80004
80005
80006
80031
80138
80439
84054
84062
85121
85221
85264
85739
85748
85755
88021
89004
89014
89074
89084
89086
89115
89122
89131
89136
89142
89183
91310
92223
92322
92552
94535
94972
95240
95385
95416
95625
95681
95682
95696
97005
97008
97027
97030
97036
97089
97201
97203
97204
97205
97207
97208
97209
97210
97212
97213
97214
97215
97223
97225
97227
97228
97229
97232
97238
97240
97242
97251
97253
97254
97255
97256
97259
97268
97272
97280
97282
97283
97286
97290
97292
97293
97294
97296
97299
98025
98310
98321
98345
98660
98661
98662
98667
98683
01730
01748
01821
01824
01845
01862
01876
01886
01949
02035
02048
02177
02185
02189
02190
02322
02343
02375
02475
06010
06013
06032
06052
06067
06111
06401
06416
06422
06457
06470
06473
06491
06524
07002
07015
07019
07032
07034
07046
07058
07175
07182
07207
07405
07506
07727
07735
07834
07869
07927
07931
07945
07950
08007
08030
08045
08093
08096
08102
08103
08502
08805
08807
08818
08823
08835
08836
08871
08880
08890
08899
08901
08904
08988
10007
10008
10043
10079
10080
10081
10087
10094
10096
10101
10102
10108
10109
10113
10114
10116
10117
10124
10125
10126
10129
10130
10131
10132
10133
10138
10150
10156
10157
10159
10160
10163
10164
10179
10184
10185
10196
10203
10211
10212
10213
10256
10257
10258
10259
10260
10261
10265
10268
10269
10272
10273
10274
10275
10276
10277
10282
10285
10286
10292
10301
10304
10503
10532
10538
10562
10567
10570
10571
10580
10595
10601
10605
10606
10707
10901
10923
10927
11210
11251
11558
11560
11583
11722
11738
11741
11742
11743
11745
11763
11771
11787
11802
11815
11819
11854
11967
11980
15120
15208
15217
15219
15222
18966
19001
19004
19010
19012
19019
19027
19050
19064
19072
19092
19093
19096
19099
19101
19102
19105
19108
19109
19110
19141
19142
19144
19155
19160
19161
19162
19170
19171
19172
19173
19175
19177
19178
19179
19181
19182
19183
19184
19185
19187
19188
19190
19191
19192
19193
19194
19195
19196
19197
19244
19255
19440
20107
20192
20640
20731
20735
20738
20747
20763
20772
20774
20788
20790
20791
20866
20874
20878
21082
21114
21133
21162
23323
23324
23461
23509
23513
23518
23702
23704
23707
27603
27604
27606
27608
27609
27610
27613
27615
27695
30019
30030
30040
30045
30046
30307
30322
30327
30340
32256
32766
32816
33025
33072
33388
33436
33437
33443
33445
33467
33556
33764
33767
33786
34734
46033
46060
46062
46226
46240
46256
46342
46404
48065
48173
48197
48367
55108
55114
55401
55402
55403
55404
55405
55406
55407
55408
55409
55410
55411
55412
55413
55414
55415
55416
55430
55432
55440
55454
55455
55458
55459
55460
55467
55468
55470
55472
55474
55478
55479
55480
55483
55484
55485
55486
55487
55488
60020
60136
60156
60412
60471
63025
63040
63049
63074
63338
63367
63385
73134
73135
73141
73142
73160
73170
74008
74105
74112
74114
74129
74133
74135
74136
74137
74145
74146
74171
74183
74184
74194
75106
75126
75239
75253
76108
76116
76205
76208
76210
77059
77346
77377
77493
77530
77578
78212
78217
78229
78232
78240
78247
78259
78651
78660
78665
78728
78730
78753
78757
78787
80003
80007
80013
80022
80041
80229
80402
80419
80453
80454
84003
84010
85326
85723
85742
85746
89081
89110
89120
89143
89161
92049
92051
92052
92339
92536
92572
92583
92599
92674
93001
93036
93510
94581
94922
94947
94953
94955
94975
94979
94999
95065
95073
95201
95202
95209
95211
95213
95267
95269
95290
95296
95297
95298
95363
95617
95641
97068
97216
97222
97230
97233
97267
97269
98051
98311
98333
98338
98398
98664
01742
01776
01810
01880
01887
01890
01908
01960
02032
02045
02081
02188
02356
02420
06062
06403
06418
06444
06455
06467
06477
06518
06525
06830
06896
07005
07009
07021
07043
07061
07094
07095
07104
07105
07109
07206
07423
07430
07446
07450
07508
07524
07730
07733
07866
08031
08034
08035
08059
08065
08078
08105
08876
08922
10015
10038
10158
10302
10309
10502
10514
10520
10522
10530
10573
10603
10607
10709
10920
10980
11214
11223
11231
11547
11582
11597
11716
11720
11749
11758
11780
11783
11788
11790
11797
11804
11805
11853
11855
15207
18936
18974
19020
19023
19026
19034
19038
19040
19053
19082
19103
19106
19107
19115
19116
19119
19124
19125
19127
19128
19129
19131
19135
19139
19145
19146
19147
19151
19153
19422
19436
19437
20102
20108
20113
20172
20175
20616
20697
20701
20704
20706
20709
20723
20725
20726
20750
20768
20787
20797
20859
21013
21022
21029
21030
21043
21077
21092
21122
21128
21221
21235
22025
22026
22082
22092
22095
22110
22116
22118
22119
22122
22134
22199
23322
23325
23460
23463
23504
23521
23523
27607
27612
30009
30026
30029
30033
30044
30047
30093
30095
30098
30099
30324
30341
30345
30519
32709
32802
32828
32853
32854
32855
32856
32857
32858
32859
32860
32861
32862
32867
32868
32869
32872
32877
32878
32885
32886
32887
32891
32896
32897
32898
33026
33329
33330
33484
33488
33759
34741
34761
46250
46408
55422
60002
60086
60099
60121
60122
60142
60147
60449
60461
60466
63026
63045
63088
63114
73013
73119
73131
73139
73149
73159
73169
73177
73180
75032
75068
75181
76065
76127
77069
77073
77386
77449
77481
77505
78213
78248
78613
78641
78664
78758
80017
80040
80042
80044
80047
80221
80238
80239
80266
84044
84114
84153
85247
85262
85704
85709
85714
85741
85743
85745
89036
89141
89179
92088
92317
92391
92582
92589
92593
92672
93030
95204
95205
95207
95210
95212
95220
95230
95356
95368
95433
95436
95444
95448
95465
95672
95694
97015
97034
97035
97086
97202
97206
97217
97219
97236
98024
98201
98332
98335
98360
98386
98392
98433
98438
98439
98442
98447
98467
98496
01760
01801
01803
01864
01867
01940
02021
02043
02062
02067
02072
02156
02176
02184
02191
02368
02421
02454
02457
02464
02482
06137
06410
06460
06461
06483
06614
06831
07001
07012
07013
07035
07044
07045
07051
07054
07063
07064
07068
07070
07080
07108
07112
07114
07310
07470
07501
07503
07504
07512
07513
07699
07728
07902
07940
07981
07999
08057
08077
08106
08107
08108
08110
08832
10303
10312
10510
10604
10804
10913
10954
10960
10965
10970
10977
10989
10994
10995
11201
11203
11205
11209
11213
11215
11216
11220
11225
11226
11228
11238
11247
11548
11557
11564
11571
11581
11592
11594
11710
11753
11755
11767
11779
11791
11803
19018
19025
19046
19090
19104
19111
19120
19121
19122
19123
19130
19132
19133
19134
19137
19140
19143
19149
19446
20136
20143
20163
20165
20167
20194
20307
20315
20390
20710
20742
20755
20769
20770
20850
20853
20891
20907
20908
20911
20915
20918
21044
21045
21094
21098
21108
21117
21131
21139
21153
21206
21214
21226
21229
21231
21236
21237
21244
21250
21268
21284
21285
22036
22081
22125
22183
22191
22308
30329
30338
30350
30360
32701
32715
32716
32718
32719
32746
32752
32773
32779
32791
32799
32810
32826
32830
32832
32837
32890
33019
33020
33065
33076
33093
33097
33314
33325
33427
33429
33432
33481
33486
33487
33497
33499
46220
46319
46325
46375
48095
48134
48138
48175
48183
48193
48330
48381
60031
60083
60404
60443
60483
63021
63022
63024
63122
63132
63366
63368
73099
73107
73114
73115
73116
73120
73121
73128
73137
73172
73179
73198
75065
75087
75154
75180
75353
76028
76122
76135
76179
77050
77060
77067
77068
77373
77375
77389
77396
77433
77450
77487
78216
78230
78231
78249
78257
78258
78681
78727
78729
80012
80034
80045
80046
80127
80128
80162
80207
80225
80465
84004
84006
84090
84093
84096
84101
84102
84103
84110
84111
84112
84113
84122
84125
84126
84127
84128
84129
84130
84131
84132
84133
84134
84136
84137
84138
84139
84140
84141
84142
84143
84144
84145
84147
84148
84150
84151
84158
84165
84170
84171
84180
84184
84189
84190
84194
84195
84199
85266
85329
85749
89087
89121
89166
91933
92059
92153
92314
92325
92345
92378
92382
92420
92556
92564
92590
92624
94515
94533
94926
94927
94949
95003
95076
95203
95377
95402
95403
95405
95406
95408
95431
95439
95473
95492
95686
95687
95688
95762
97211
97218
97266
98019
98291
98366
98375
98387
98388
98407
98417
98419
98444
98490
98498
98499
01773
01905
01906
02027
02030
02090
02148
02153
02180
06450
06478
06479
06492
06611
06716
07014
07022
07028
07030
07042
07057
07062
07082
07102
07103
07110
07201
07208
07424
07726
07746
07936
07960
08033
08052
08109
08817
08844
08846
08879
08882
10314
10577
10583
10706
10805
10956
10968
10983
11103
11104
11204
11218
11219
11232
11239
11518
11520
11535
11556
11588
11593
11599
11714
11735
11756
11793
18901
19006
19083
20013
20020
20022
20023
20026
20027
20033
20035
20038
20041
20053
20059
20066
20088
20090
20110
20148
20155
20164
20170
20204
20231
20301
20319
20332
20375
20426
20510
20511
20529
20540
20593
20707
20712
20737
20746
20748
20782
20784
20785
20837
20896
20913
21046
21057
21060
21205
21213
21222
21228
21234
21251
21252
21260
21283
21286
22009
22027
22038
22047
22060
22103
22106
22107
22108
22109
22120
22172
22193
22309
23320
23451
23454
23502
30004
30043
30319
32714
32733
32750
32790
32793
32794
32801
32818
32821
33023
33071
33306
33323
33348
33355
33431
33446
33496
34743
34746
46311
46322
46323
48105
48165
48192
48198
48363
56933
56944
56972
60044
60046
60064
60085
60088
60092
60151
60183
60431
60447
63044
63301
63376
73008
73101
73102
73103
73104
73106
73108
73111
73112
73113
73117
73122
73123
73124
73125
73126
73127
73132
73136
73140
73143
73144
73146
73147
73148
73152
73153
73154
73155
73156
73157
73162
73163
73164
73167
73178
73184
73185
73189
73190
73193
73194
73195
73196
73197
75027
75054
75069
75070
75141
75146
76109
76129
76131
76133
76164
76177
76226
77013
77014
77032
77039
77095
77315
77338
77388
77406
77413
77429
77545
77581
78726
78731
78750
78759
80010
80011
80033
80104
80108
80131
80135
80160
80161
80165
80166
80228
80401
80403
84043
84047
84065
84070
84081
84088
84091
84094
84095
84105
84106
84107
84108
84115
84116
84117
84120
84124
84135
84157
84193
85086
85142
85207
85268
85361
85701
85706
85707
85715
85721
85724
85726
85730
85737
85756
89149
91932
92018
92057
92173
92352
92385
92544
92673
94574
95208
95231
95358
95391
95401
95452
95658
97220
98014
98022
98205
98236
98272
98342
98352
98370
98373
98374
98401
98402
98403
98404
98405
98406
98408
98409
98411
98412
98413
98415
98416
98418
98431
98443
98445
98446
98448
98450
98455
98460
98464
98465
98466
98471
98477
98481
98493
98497
02026
02140
02144
02151
02155
02239
02269
02462
02474
02476
02478
02481
06451
06484
06488
06489
06612
07008
07011
07017
07018
07023
07027
07050
07075
07086
07091
07106
07107
07205
07514
07645
07653
07656
07676
07722
07747
07922
07932
07974
08002
08540
08812
08816
08830
08873
10475
10523
10533
10591
10703
10710
10801
10962
10976
11025
11027
11206
11230
11236
11430
11531
11536
11549
11551
11554
11555
11563
11566
11572
11595
11801
18914
18976
19044
20001
20004
20005
20006
20029
20030
20036
20039
20040
20042
20043
20044
20045
20046
20047
20049
20051
20052
20055
20056
20058
20060
20061
20062
20063
20064
20065
20067
20068
20069
20070
20071
20073
20074
20075
20076
20077
20078
20080
20081
20082
20091
20097
20098
20099
20109
20147
20153
20181
20189
20201
20202
20203
20206
20207
20208
20210
20211
20212
20213
20214
20215
20216
20217
20218
20219
20220
20221
20222
20223
20224
20226
20227
20228
20229
20230
20232
20233
20235
20237
20238
20239
20240
20241
20242
20244
20245
20250
20251
20254
20260
20261
20262
20265
20266
20268
20270
20277
20289
20299
20303
20306
20310
20314
20317
20318
20330
20336
20337
20338
20340
20350
20355
20370
20373
20374
20376
20380
20388
20389
20391
20392
20393
20394
20395
20398
20401
20402
20403
20404
20405
20406
20407
20408
20409
20410
20411
20412
20413
20414
20415
20416
20418
20419
20420
20421
20422
20423
20424
20425
20427
20428
20429
20431
20433
20434
20435
20436
20437
20439
20440
20441
20442
20444
20447
20451
20453
20456
20460
20463
20468
20469
20470
20472
20500
20501
20502
20503
20504
20505
20506
20507
20508
20509
20515
20520
20521
20522
20523
20524
20525
20526
20527
20528
20530
20531
20532
20533
20534
20535
20536
20537
20538
20539
20541
20542
20543
20544
20546
20547
20548
20549
20550
20551
20552
20553
20554
20555
20557
20558
20559
20560
20565
20570
20571
20572
20573
20575
20576
20577
20578
20579
20580
20581
20585
20586
20590
20591
20594
20597
20599
20607
20705
20708
20715
20720
20722
20743
20781
20892
20901
20903
20904
20905
20912
20997
21054
21093
21144
21203
21204
21207
21212
21224
21233
21239
21241
21261
21263
21264
21265
21270
21273
21274
21275
21278
21279
21280
21281
21282
21287
21288
21289
21290
21297
21298
22035
22037
22067
22184
22185
22210
22212
22215
22216
22217
22219
22222
22223
22226
22227
22229
22230
22240
22241
22242
22243
22244
22245
23452
23453
23455
23456
30005
30041
30518
32703
32730
32751
32817
32819
32829
33004
33021
33067
33075
33302
33303
33307
33308
33310
33315
33318
33320
33324
33328
33335
33338
33339
33340
33345
33346
33349
33394
33441
34744
34786
34787
46321
48047
48051
48096
56901
56902
56915
56920
56945
60012
60140
60421
60423
60434
60442
60478
60554
63038
63043
63124
63341
73105
73109
73118
73129
75029
75138
76106
76107
76114
76115
76134
77044
77049
77070
77078
77089
77090
77379
77459
77479
77496
77501
77502
77503
77504
77508
80125
80129
80130
80134
80163
80201
80202
80203
80208
80211
80217
80227
80232
80235
80243
80244
80248
80250
80251
80252
80255
80256
80257
80259
80261
80263
80264
80265
80270
80271
80273
80274
80279
80280
80281
80285
80290
80291
80292
80293
80294
80295
80299
84084
84092
84104
84109
84118
84119
84123
85039
85048
85338
85395
85702
85703
85705
85708
85710
85711
85712
85713
85716
85717
85718
85720
85722
85725
85728
85731
85732
85733
85734
85740
85744
85750
85751
85752
85754
85775
89031
89111
89112
89114
89116
89125
89126
89127
89132
89133
89137
89150
89151
89152
89153
89155
89157
89159
89160
89162
89163
89164
89177
89180
89185
89193
89195
89199
91719
91759
92003
92082
92085
92543
92548
92554
92563
92591
92595
93011
93023
93041
93060
94018
94021
94928
95234
95407
95409
95472
95664
95690
98013
98061
98062
98203
98359
98421
98424
02152
02163
02169
02170
02171
02186
02187
02451
02452
02456
02458
02460
02465
02471
02472
02477
02493
06037
06482
07033
07055
07059
07065
07088
07458
07602
07604
07607
07608
07640
07662
07901
07928
08857
08859
08872
10461
10551
10553
10558
10559
10702
10803
11005
11026
11044
11099
11413
11414
11417
11514
11553
11565
11575
19454
20003
20009
20010
20017
20032
20050
20057
20122
20166
20190
20372
20740
20745
20794
20810
20811
20813
20824
20825
20827
20852
20889
20894
20895
20906
20910
21090
21113
21201
21202
21208
21211
21215
21216
21217
21218
21223
21225
21227
21230
21240
22156
22158
22159
22160
22161
22182
22201
22218
22225
22234
22246
22313
22320
22331
22332
22333
22334
22336
23462
23464
30076
30097
32708
32765
32805
32811
32824
32827
32835
32836
32839
33024
33061
33077
33301
33304
33305
33316
33322
33428
33498
46320
46406
48112
48178
48387
60037
60041
60422
60425
60433
60451
60512
60586
63006
63131
63303
75104
75115
75137
76101
76102
76104
76110
76113
76121
76124
76130
76136
76137
76147
76150
76161
76162
76163
76166
76181
76185
76191
76192
76193
76195
76196
76197
76198
76199
77065
77407
77497
77584
80123
80124
80126
80150
80151
80154
80155
80204
80205
80206
80212
80214
80215
80218
80219
80223
80226
80236
80262
84020
84121
85077
85208
85209
85323
85392
85719
89030
89170
89173
92359
92399
92584
92585
92586
92592
93040
94074
94503
94531
94931
94951
95141
95366
95404
95442
95663
98010
98290
98371
02101
02126
02136
02150
02228
02461
02466
02492
02494
02495
07004
07016
07041
07067
07074
07078
07081
07083
07087
07111
07204
07407
07410
07643
07650
07663
08831
08840
08854
10013
10095
10552
10557
10964
11043
11050
11105
11221
11233
11234
11237
11372
11501
11507
11510
11545
11568
11590
20011
20012
20015
20018
20019
20024
20037
20105
20112
20171
20191
20566
20724
20744
20814
20818
20902
21061
21209
21210
22040
22209
22211
22213
22214
22306
22307
22350
30022
30024
30092
30096
32806
32814
32822
33317
33351
33433
33434
46312
46324
46394
48195
48360
48386
60014
60043
60102
60110
60411
60429
60430
60436
60452
60476
63141
63146
75030
75134
76111
76244
77015
77034
77066
77411
80014
80015
80120
80209
80216
80275
85252
85261
85267
85269
85271
85287
85309
85340
89123
89129
89178
91390
92030
92033
92046
92072
92154
92567
92587
92596
92693
93020
93033
94592
94945
94970
95320
95330
95618
95671
98038
98354
98367
98372
98391
02129
02132
02135
02138
02141
02143
02145
02149
02212
02222
02238
02453
02468
06468
07003
07006
07026
07040
07066
07073
07079
07090
07092
07093
07202
07203
07603
07621
07624
07627
07641
07642
07644
07647
07648
07649
07657
07660
07661
07677
07751
08837
10026
10115
10454
10458
10460
10462
10499
10550
10708
11022
11041
11042
11208
11212
11380
11411
11570
11577
11596
19002
20002
20007
20008
20121
20152
20783
20812
22033
22046
22079
22124
22181
22202
22205
22303
22305
22315
22321
30071
32792
32807
32808
32809
32825
33312
33321
33359
33470
46327
48102
48164
60013
60030
60040
60073
60119
60403
60432
60435
60438
60487
63011
63304
75013
75077
75088
75098
75249
76105
76148
77048
77075
77094
77469
77478
77498
77506
77587
80016
80112
80220
80222
80230
80246
80247
85001
85002
85010
85011
85026
85030
85036
85038
85046
85055
85060
85061
85062
85063
85064
85065
85066
85067
85068
85069
85070
85071
85072
85073
85074
85075
85076
85078
85079
85080
85082
85097
85098
85099
85212
85339
85353
85387
85388
89130
89138
89154
91023
91909
91912
91915
91921
92021
92022
92058
92065
92079
92090
92369
92545
94505
94509
94571
94914
94915
94957
95066
95242
95632
95648
98035
98054
98064
98089
98110
98275
98390
98422
02102
02103
02104
02105
02106
02107
02108
02109
02110
02111
02112
02113
02114
02116
02117
02118
02123
02124
02127
02128
02131
02133
02134
02137
02139
02142
02146
02196
02199
02201
02202
02203
02204
02205
02206
02207
02208
02209
02210
02211
02215
02216
02217
02241
02266
02283
02284
02293
02295
02297
02298
02447
02455
02459
02467
07039
07060
07069
07072
07606
07628
07630
07652
08820
10453
10455
10457
10459
10464
10469
10472
10701
11002
11102
11359
11416
11421
11550
11580
20120
20151
20815
20816
20854
21075
22102
22152
22153
22180
22192
22203
22206
22301
22302
22310
32707
32789
32803
33062
33311
33442
48094
48111
48180
48229
48346
60021
60042
60048
60051
60061
60118
60192
60208
60467
60560
63005
63017
75048
75053
75116
75182
75232
75261
76060
76095
76099
76103
76140
76262
77037
77547
77583
80111
80121
80122
80237
85037
85096
85259
85298
85307
85355
85372
85378
85379
89032
89134
89139
89144
91319
91354
91363
91380
91383
91908
91911
91913
91976
91979
92019
92096
92877
92878
93010
94038
94407
94512
94912
94913
94930
94960
95219
95336
98003
98023
98029
98046
98063
98071
98075
98087
98093
98204
98208
02115
02119
02120
02445
07036
07052
07646
10027
10039
10040
10456
10466
10467
10470
10704
11010
11020
11021
11023
11024
11211
11370
11373
11377
11552
20016
20111
20817
21076
22031
22032
22039
22042
22043
22044
22207
22311
32804
32812
33064
33073
33334
48230
48242
60011
60049
60084
60175
60186
60428
60448
60472
75002
75008
75022
75028
75035
75083
75085
75089
75094
75237
75241
75396
76001
76002
76117
76119
77016
77026
77028
77029
77038
77047
77061
77083
77093
80110
80113
80210
80224
80231
85005
85006
85215
85242
85244
85246
85248
85280
85285
85289
85331
85376
85380
89101
89135
89140
89148
91351
91358
91359
91384
91914
91935
91978
92023
92027
92334
92377
92402
92406
92412
92413
92414
92415
92418
92423
92424
92427
92551
94060
94406
94514
94590
94952
95005
95215
95337
95650
95765
98001
98006
98030
98042
98047
98073
98074
98083
98117
98136
98160
98296
98346
02121
02122
02125
02130
02446
07010
07076
07601
07620
07626
10002
10012
10014
10034
10451
10468
10474
11004
11106
11378
11381
11386
11390
11405
11426
11436
11439
11499
22041
22066
22151
22204
22314
33060
33063
33066
33313
48188
48218
48243
48359
60045
60050
60065
60124
60125
60177
60409
60445
60477
75026
75043
75086
75233
75236
76003
76004
76005
76007
76018
76019
76063
76094
76096
76118
76182
76248
77012
77064
77087
77477
85033
85034
85040
85041
85042
85083
85211
85214
85216
85226
85274
85275
85277
85283
85297
85335
85363
85374
85375
85385
89104
89113
89119
89124
89158
89169
91025
91320
91334
91360
92178
92320
92403
92405
92532
94037
94559
94589
94977
95013
95042
95615
95639
95763
95837
98002
98008
98020
98041
98043
98082
98107
98132
98151
98199
07024
07047
07605
07666
10030
10035
10037
10452
10705
11001
11003
11351
11352
11360
11362
11363
11369
11371
11419
11420
11431
11576
22003
22015
22150
22304
22312
33319
48146
48391
60022
60035
60069
60082
60116
60128
60132
60134
60196
60197
60463
60469
60473
60507
60539
60568
75099
75217
75224
76014
76022
76112
77001
77003
77010
77017
77020
77022
77052
77053
77097
77202
77203
77204
77206
77207
77208
77210
77212
77213
77215
77216
77217
77218
77219
77220
77221
77222
77223
77224
77225
77226
77227
77228
77229
77230
77231
77233
77234
77235
77236
77237
77238
77240
77241
77242
77243
77244
77245
77248
77249
77251
77252
77253
77254
77255
77256
77257
77258
77259
77261
77262
77263
77265
77266
77267
77268
77269
77270
77271
77272
77273
77274
77275
77277
77279
77280
77282
77284
77287
77288
77289
77290
77291
77292
77293
77297
77298
77299
77489
85004
85008
85031
85035
85043
85044
85085
85205
85260
85284
85286
85305
85310
85351
85373
85381
85383
89102
89106
89107
89108
89109
89117
89118
89128
89145
89146
89147
91729
91943
91944
91947
92025
92056
92074
92084
92346
92375
92401
92404
92502
92513
92514
92515
92516
92517
92519
92522
92553
92571
92629
92678
92694
93012
93066
94003
94064
94071
94525
94534
94904
94942
94976
95620
98007
98009
98015
98021
98028
98053
98077
98092
98131
98155
98158
98178
07670
10029
10031
10162
10471
10473
11030
11120
11207
11418
11429
11451
20124
22101
48174
48184
48306
48308
48329
48382
60095
60107
60184
60199
60204
60209
60419
60426
60454
60491
60633
75014
75015
75016
75017
75024
75025
75057
75074
75369
76010
76016
76053
76054
76092
76120
77011
77023
77033
77051
77076
77084
77088
77201
85003
85007
85054
85255
85257
85303
85311
85312
85318
89103
90263
91003
91720
92038
92039
92092
92318
92350
92357
92374
92376
92411
92518
92675
95026
95044
95677
95683
95693
95759
98005
98026
98027
98036
98037
98039
98052
98055
98056
98057
98058
98103
98112
98116
98119
98125
98133
98146
98148
98177
98195
07632
07675
10009
10032
10128
10149
10463
11374
11412
11415
11424
11434
11530
48045
48046
48222
48231
48232
48236
48244
48255
48260
48264
48265
48266
48267
48268
48269
48272
48275
48277
48278
48279
48288
48321
48343
48393
60060
60406
60462
60803
75023
75052
75149
75260
75286
75323
75358
75364
75386
76017
76155
77045
77077
77085
77086
77091
77099
77281
85025
85203
85213
85249
85251
85258
85282
85313
85382
91012
91017
91024
91376
91737
91902
91910
91951
92008
92010
92026
92055
92136
92152
92313
92331
92354
92407
92408
92521
94061
94243
94522
94524
94527
94529
94565
95018
95139
95304
95668
95757
98004
98011
98012
98033
98040
98072
98101
98102
98105
98109
98111
98113
98114
98115
98121
98122
98124
98126
98127
98129
98138
98139
98141
98145
98154
98161
98164
98165
98168
98170
98171
98174
98175
98181
98184
98185
98190
98191
98194
10033
10075
10249
11361
11379
22030
33068
48042
48082
48151
48153
48327
60015
60074
60089
60117
60123
60174
60415
60456
60482
60538
60542
60617
60649
60827
75011
75034
75037
75045
75046
75047
75049
75075
75203
75387
76011
76012
76013
76015
76034
76039
76180
77046
77082
77402
85018
85019
85236
85295
85299
85345
91009
91322
91382
91785
91946
91977
92007
92013
92020
92081
92083
92145
92155
92316
92358
92373
92562
92658
92659
93062
94002
94019
94409
94497
94569
94591
94954
95006
95037
95206
95659
95776
98031
98034
98070
98104
98106
98134
98144
98188
98198
07631
10028
10060
10072
10082
10098
10161
10465
11040
11356
11368
11422
11428
33309
48043
48081
48214
48325
60159
60168
60203
60519
60566
60567
60572
75010
75040
75042
75050
75051
75067
75093
75150
75216
75227
75242
75245
75258
75262
75263
75267
75342
75370
75398
76021
77002
77004
77009
77025
77031
77054
77056
77071
77072
85009
85206
85224
85250
85254
91008
91066
91077
91361
92011
92028
92139
92147
92410
92506
92508
92530
92555
92557
92607
92652
92654
94029
94070
94405
94408
94558
94903
94939
94974
95376
95476
95611
95612
95630
95746
95758
98032
98108
98166
10025
10099
10121
10122
10123
10167
10197
10242
11355
11358
11364
11385
33069
48080
48136
48141
48187
48202
48207
48215
48217
48233
48340
48374
48390
60038
60055
60078
60091
60093
60094
60138
60179
60201
60506
60598
60599
60619
60628
60643
60655
75001
75082
75202
75221
75222
75250
75264
75265
75266
75270
75275
75277
75283
75284
75285
75287
75295
75301
75303
75310
75312
75313
75315
75320
75326
75336
75339
75346
75354
75355
75356
75357
75359
75360
75363
75367
75368
75371
75372
75373
75374
75376
75378
75379
75380
75381
75382
75388
75389
75390
75391
75392
75393
75394
75395
75397
76006
77008
77018
77021
77035
77040
77043
77057
77063
77079
77080
77081
77092
77401
85201
85202
85281
85301
91186
91355
91945
91950
92093
92135
92507
92628
92690
94026
94059
94157
94521
94572
95662
95832
95836
98059
98118
07020
10003
10055
10103
10104
10111
10112
10118
10119
10120
10152
10154
10165
10166
10168
10169
10170
10171
10172
10176
10177
10199
11109
11357
11365
11366
11423
11427
11433
48201
48216
48226
48376
60026
60047
60505
60543
60683
60689
75007
75041
75044
75056
75201
75204
75208
75219
75226
75231
75246
76040
77006
77030
77041
77055
77096
77098
85012
85013
85015
85017
85027
85050
85051
85204
85210
85225
85233
85234
85256
85302
85306
90733
90734
91021
91739
91758
91784
91798
92071
92075
92078
92106
92132
92199
92324
92609
92677
92688
92881
93094
94013
94020
94045
94253
94510
94513
94540
94543
94557
94964
95616
95661
95678
95831
10011
10020
10106
10173
10174
11354
11432
11435
48122
48186
48206
48224
48225
60009
60029
60202
60490
60499
60502
60503
60585
60597
60601
60602
60603
60604
60606
60615
60654
60661
60663
60665
60666
60671
60672
60674
60679
60805
75207
75210
75211
75223
75228
75238
75251
75252
75254
77024
77027
77042
85024
85296
85304
91362
91701
91743
92112
92113
92133
92137
92138
92142
92143
92149
92150
92158
92159
92160
92161
92162
92163
92164
92165
92166
92167
92168
92169
92170
92171
92172
92174
92175
92176
92177
92179
92184
92186
92187
92190
92191
92192
92193
92195
92196
92197
92198
92247
92248
92661
92662
94065
94203
94204
94205
94206
94207
94208
94209
94211
94229
94230
94232
94234
94235
94236
94237
94239
94240
94244
94245
94246
94247
94248
94249
94250
94252
94254
94256
94257
94258
94259
94261
94262
94263
94267
94268
94269
94271
94273
94274
94277
94278
94279
94280
94282
94283
94284
94285
94286
94287
94288
94289
94290
94291
94293
94294
94295
94296
94297
94298
94299
94403
94519
95140
95610
95673
95747
95798
95799
95812
95813
95835
95840
95851
95852
95853
95857
95860
95865
95866
95867
95873
95887
95894
95899
10010
10036
10069
10107
10110
10175
10178
11367
11375
48044
48101
48208
48316
48320
48328
48342
60019
60133
60290
60398
60453
60465
60610
60637
60664
60667
60668
60669
60670
60673
60675
60677
60678
60680
60681
60684
60685
60686
60687
60688
60690
60691
60693
60694
60695
60696
60697
60699
60701
75206
75214
75215
75243
75244
77005
77007
77019
85014
85016
85022
85023
85308
91046
91102
91109
91110
91114
91115
91116
91117
91118
91121
91124
91125
91126
91129
91182
91184
91185
91188
91189
91199
91387
91786
92107
92114
92118
92140
92182
92501
92651
92656
92691
92692
92709
94027
94402
94585
94901
94925
95605
95621
95628
95652
95823
95824
95843
10016
10018
10023
10105
10151
11222
48121
48123
48125
48170
48209
48211
48238
60006
60017
60090
60105
60165
60190
60194
60399
60459
60464
60504
60522
60544
60570
60620
60626
60652
60653
75019
75038
75060
75209
75218
75230
76051
77036
77074
85021
85032
85053
90264
91007
91123
91377
91392
91778
91941
91942
92009
92054
92069
92091
92119
92134
92336
92504
92505
92663
94028
94067
94404
94537
95626
95741
95742
95828
95834
10017
10024
10065
48007
48099
48120
48124
48135
48223
48377
60062
60070
60108
60161
60193
60441
60564
60660
75205
75225
75234
75240
75248
85020
85028
91020
91103
91104
91107
91131
91191
91341
91771
91772
91799
92029
92064
92101
92570
92615
92625
92860
93099
94011
94012
94031
94098
94302
94307
94308
94309
95119
95609
95743
95811
95814
95816
95818
95822
95830
95838
10001
10044
10153
10155
48090
48128
48168
48204
48210
48213
48309
48315
48324
60139
60157
60169
60188
60510
60605
60621
75080
75212
75235
75247
91001
91006
91041
91043
91187
91321
91350
91711
91716
91730
91775
92103
92104
92105
92116
92616
92619
92623
92637
92657
92679
92698
94566
94802
94807
94808
94875
95031
95135
95691
95817
95819
95820
95833
10019
10021
48015
48021
48126
48212
48227
48228
48375
48397
48398
60067
60076
60103
60120
60141
60173
60446
60455
60457
60458
60555
60616
60682
75006
75061
75063
75081
85029
91016
91101
91175
91214
91312
91381
91714
91715
91741
91769
91802
91804
91841
91896
91899
92014
92040
92102
92110
92650
92697
92879
93021
94017
94518
94820
95009
95011
95071
95138
95171
95624
95655
95660
95829
95841
95842
10022
11101
48036
48037
48038
48066
48083
48086
48089
48127
48205
48221
48307
48318
48326
48332
48333
60025
60077
60153
60172
60195
60607
60629
60640
60642
60645
75039
75062
85253
91010
91011
91031
91301
91313
91752
92115
92128
92617
92630
93015
94030
94096
94528
94564
94568
94941
95015
95070
95102
95129
95130
95670
95815
95821
48026
48068
48069
48088
48093
48303
48311
48317
48323
48331
60004
60104
60155
60163
60164
60171
60189
60440
60514
60515
60563
60636
75229
91106
91346
91394
91395
91702
91764
91767
91797
92122
92194
92335
92603
92627
92653
92660
92862
92883
93093
94023
94025
94066
94305
94310
94966
95121
95608
95826
48012
48030
48035
48084
48085
48167
48203
48234
48314
48335
60056
60068
60143
60162
60187
60301
60303
60532
60712
75220
90274
90275
90507
90508
90509
90510
90732
91105
91108
91333
91740
91756
91776
91780
92108
92120
92337
94015
94016
94039
94042
94044
94301
94547
94803
94806
95008
95032
95101
95103
95106
95108
95109
95115
95118
95123
95137
95142
95148
95150
95151
95152
95153
95154
95155
95156
95157
95158
95159
95160
95161
95164
95170
95172
95173
95190
95191
95193
95194
95196
95827
48017
48070
48071
48091
48092
48098
48154
48235
48310
48313
48322
48341
60016
60160
60176
60181
60191
60516
60517
60540
60565
60609
60611
60612
60613
60657
60659
90313
91340
91750
91763
91793
92024
92109
93064
94010
94062
94520
94546
94551
94805
95030
95111
95113
95117
95122
95124
95127
95128
95136
95192
95825
95864
48150
48185
48220
48312
60005
60010
60305
60513
60534
60546
60559
60622
60631
60706
90267
90306
90307
90308
90309
90310
90311
90312
91050
91051
91722
91723
91734
91735
92129
92509
93065
94035
94083
94088
94099
94401
94582
94597
94627
94701
94712
94801
94850
95116
95120
95133
48075
48219
48237
48240
48302
48304
60008
60053
60101
60106
60130
60154
60304
60501
60561
60608
60614
60646
90296
90505
90710
90717
90748
91326
91330
91773
92037
92117
92610
92612
93063
94041
94063
94090
94128
94168
94304
94523
94542
94575
94588
95053
48072
60131
60137
60624
60625
60632
90277
90398
90731
91209
91221
91222
91224
91225
91226
91305
91308
91309
91337
91365
91372
91385
91399
91762
91788
91795
92503
92604
94116
94132
94169
94306
94545
94555
94570
94662
94720
95036
95052
95055
95056
95114
95125
48009
48033
48067
48239
48334
60018
60439
60523
60618
60638
60641
60714
90254
90261
90749
90831
91030
91327
91328
91329
91344
91724
91801
92067
92111
92124
94024
94135
94136
94155
94165
94506
94517
94580
94626
94706
94709
94965
95014
95050
95126
95131
48034
48076
48152
60007
60185
60526
60558
60623
60630
60644
60651
90041
90096
90245
91210
91345
91353
91357
91731
91768
92123
92127
92882
92885
94022
94040
94166
94170
94303
94595
94703
94704
94707
94710
48301
48336
60148
60302
60647
60656
60707
60804
90397
90502
91206
91393
91396
91732
92121
92702
92711
92712
92725
92735
92799
94101
94119
94120
94125
94126
94127
94137
94139
94140
94141
94142
94143
94144
94145
94146
94147
94151
94153
94154
94156
94159
94160
94161
94162
94163
94164
94167
94171
94172
94175
94177
94188
94199
94578
94596
94598
94604
94613
94614
94617
94620
94622
94623
94624
94649
94659
94660
94661
94666
94702
94705
94708
94920
95033
95051
95110
95112
48073
60402
60480
90251
90266
90304
90744
90747
90801
90809
90832
90842
90844
90845
90846
90847
90848
90853
90895
90899
91388
91416
91426
91761
91766
92605
92614
92618
92646
92728
92781
94087
94115
94121
94122
94123
94129
94150
94526
94530
94615
94625
94804
48025
60126
60527
90094
90833
90835
90840
91208
91324
91325
91371
91412
91497
91503
91507
91508
91510
91526
91708
91733
91790
92130
94085
94104
94106
94108
94114
94118
94130
94131
94138
94152
94516
94618
94643
95002
60634
60639
90042
90295
90743
90834
91040
91202
91207
91331
91404
91407
91408
91409
91410
91470
91482
91496
91499
92606
92808
94014
94080
94086
94105
94110
94111
94112
94117
94133
94134
94158
94536
94541
60525
90278
90665
90745
91302
91307
91501
91706
91755
91791
91803
92626
94102
94103
94109
94507
94579
94602
94603
94609
94612
95054
95132
60521
90009
90030
90050
90051
90052
90053
90054
90055
90060
90072
90074
90075
90076
90078
90080
90081
90082
90083
90086
90087
90088
90093
90198
90223
90224
90293
90294
90501
90742
90802
90822
91042
91203
91205
91303
91343
91402
91747
91749
91770
92126
92131
92710
94005
94043
94107
94539
94549
95035
95134
90032
90070
90292
90301
90607
90608
90609
90810
90888
91306
91405
91413
91495
91754
92602
92620
92648
92707
92780
92782
92880
92887
94124
94544
94587
94601
94610
90079
90090
90091
90174
90185
90260
90302
90406
90407
90408
90409
90410
90411
90503
90506
90612
90661
90662
91304
91335
91342
91367
91523
91603
91609
91610
91611
91612
91614
91615
91616
91617
91618
91792
92811
92856
92857
92859
92863
92864
94553
94560
94605
94608
90071
90097
90099
90101
90102
90103
90189
90250
90291
90401
90610
90632
90633
90651
90652
90813
91311
91356
91502
91521
91522
92701
94089
94502
94556
94583
94586
94621
90045
90249
90290
90303
90402
90504
90746
91364
91504
91746
94607
94611
90014
90056
90231
90233
90403
90601
90659
90702
90721
91204
91401
91411
91710
92676
92822
94501
94538
94606
90063
90248
90305
90814
91201
91316
91403
92649
92685
94550
94563
94577
90013
90021
90220
90222
90247
90637
90803
90804
91607
91744
91789
92655
92684
92708
92869
92871
94619
90061
90202
90404
90671
90711
90714
90716
92823
92861
90011
90017
90031
90033
90037
90062
90065
90066
90239
90639
90707
90755
90807
91436
91506
91709
90015
90047
90057
90073
90230
90232
90606
91601
91605
92647
94552
90007
90012
90022
90043
90084
90405
90622
90624
92866
90008
90044
90221
90701
90715
90806
90815
91406
91505
91602
91606
90003
90059
90265
90270
90602
91352
91765
92704
92844
92845
90001
90010
90018
90026
90089
90255
90262
90713
90805
92705
92706
92803
92807
92809
92812
92814
92815
92816
92817
92825
92834
92836
92837
92838
92850
92899
90023
90025
90067
90095
90623
91423
91745
92683
92703
92842
92846
90002
90006
90039
90058
90720
90723
90740
91608
92865
92886
90209
90213
90604
90621
90680
90712
92831
92841
92843
90212
90603
90005
90016
90020
90029
90034
90064
90077
90272
90605
90620
90660
90808
92840
90024
90211
91604
92867
92868
90004
90027
90028
90038
92802
92821
92832
92870
90049
90630
90638
91748
92835
90035
90036
90048
90210
90241
90242
90280
90640
92833
90019
90201
92804
90240
90706
92805
92806
90068
90069
90670
92801
90040
90046
90650
90703
90631