22546
23005
23009
23014
23015
23030
23039
23047
23058
23059
23060
23063
23069
23075
23086
23102
23103
23105
23106
23111
23112
23113
23114
23116
23120
23124
23129
23139
23140
23141
23146
23147
23148
23150
23160
23162
23173
23177
23192
23218
23219
23220
23221
23222
23223
23224
23225
23226
23227
23228
23229
23230
23231
23232
23233
23234
23235
23236
23237
23238
23241
23242
23249
23250
23255
23260
23261
23269
23273
23274
23276
23278
23279
23282
23284
23285
23286
23288
23289
23290
23291
23292
23293
23294
23295
23297
23298
23801
23803
23804
23805
23806
23831
23832
23833
23834
23836
23838
23860
23875
23885
24201
24202
24203
24205
24209
24210
24211
24212
24217
24224
24225
24230
24236
24237
24239
24245
24258
24260
24266
24270
24271
24272
24280
24283
24292
24316
24319
24327
24340
24354
24361
24370
24377
24609
24612
24637
24639
24640
24641
24646
24647
24649
28615
30002
30003
30004
30005
30006
30007
30009
30010
30011
30012
30017
30019
30021
30022
30023
30024
30026
30028
30029
30030
30031
30032
30033
30035
30039
30040
30041
30042
30043
30044
30045
30046
30047
30048
30049
30052
30058
30062
30066
30067
30068
30071
30072
30074
30075
30076
30077
30078
30079
30083
30084
30085
30086
30087
30088
30091
30092
30093
30095
30096
30097
30098
30099
30107
30114
30115
30142
30146
30148
30151
30169
30177
30188
30305
30306
30319
30322
30324
30326
30327
30328
30329
30333
30338
30340
30341
30342
30345
30346
30350
30355
30356
30358
30359
30360
30362
30366
30384
30501
30502
30503
30504
30506
30507
30515
30517
30518
30519
30527
30533
30534
30542
30543
30548
30549
30554
30558
30564
30566
30567
30575
30597
30620
30655
30656
30666
30680
31106
31119
31126
31141
31145
31146
31758
31792
31799
32301
32302
32303
32304
32305
32306
32307
32308
32309
32310
32311
32312
32313
32314
32315
32316
32317
32318
32326
32327
32332
32333
32336
32337
32343
32344
32345
32351
32352
32353
32355
32361
32362
32395
32399
32701
32703
32704
32707
32708
32709
32710
32712
32714
32715
32716
32718
32719
32726
32730
32732
32733
32745
32746
32747
32750
32751
32752
32756
32757
32762
32765
32766
32768
32771
32772
32773
32776
32777
32778
32779
32789
32790
32791
32792
32793
32794
32795
32798
32799
32801
32802
32803
32804
32805
32806
32807
32808
32809
32810
32811
32812
32814
32816
32817
32818
32819
32820
32821
32822
32824
32825
32826
32827
32828
32829
32830
32831
32832
32833
32834
32835
32836
32837
32839
32853
32854
32855
32856
32857
32858
32859
32860
32861
32862
32867
32868
32869
32872
32877
32878
32885
32886
32887
32891
32896
32897
33002
33008
33009
33010
33011
33012
33013
33014
33015
33016
33017
33018
33019
33020
33021
33022
33023
33024
33025
33026
33027
33028
33029
33030
33031
33032
33033
33034
33035
33039
33054
33055
33056
33081
33082
33083
33084
33090
33092
33101
33102
33106
33109
33111
33112
33114
33116
33119
33122
33124
33125
33126
33127
33128
33129
33130
33131
33132
33133
33134
33135
33136
33137
33138
33139
33140
33141
33142
33143
33144
33145
33146
33147
33149
33150
33151
33152
33153
33154
33155
33156
33157
33158
33160
33161
33162
33163
33164
33165
33166
33167
33168
33169
33170
33172
33173
33174
33175
33176
33177
33178
33179
33180
33181
33182
33183
33184
33185
33186
33187
33188
33189
33190
33193
33194
33195
33196
33197
33199
33206
33222
33231
33233
33234
33238
33239
33242
33243
33245
33247
33255
33256
33257
33261
33265
33266
33269
33280
33283
33296
33299
33314
33328
33330
33331
33332
33503
33508
33509
33510
33511
33524
33527
33530
33534
33539
33540
33541
33542
33543
33544
33545
33547
33548
33549
33550
33556
33558
33559
33563
33564
33565
33566
33567
33568
33569
33570
33571
33572
33573
33574
33575
33576
33578
33579
33583
33584
33586
33587
33592
33594
33595
33596
33598
33601
33602
33603
33604
33605
33606
33607
33608
33609
33610
33611
33612
33613
33614
33615
33616
33617
33618
33619
33620
33621
33622
33623
33624
33625
33626
33629
33630
33631
33633
33634
33635
33637
33646
33647
33650
33655
33660
33661
33662
33663
33664
33672
33673
33674
33675
33677
33679
33680
33681
33682
33684
33685
33686
33687
33688
33689
33694
33701
33702
33703
33704
33705
33706
33707
33708
33709
33710
33711
33712
33713
33714
33715
33716
33729
33730
33731
33732
33733
33734
33736
33737
33738
33740
33741
33742
33743
33744
33747
33755
33756
33757
33758
33759
33760
33761
33762
33763
33764
33765
33766
33767
33769
33770
33771
33772
33773
33774
33775
33776
33777
33778
33779
33780
33781
33782
33784
33785
33786
33836
33837
33844
33845
33848
33850
33858
33863
33868
33896
33897
34219
34221
34222
34250
34601
34603
34604
34605
34606
34607
34608
34609
34610
34611
34613
34614
34637
34638
34639
34652
34653
34654
34655
34656
34660
34667
34668
34669
34673
34674
34677
34679
34680
34681
34682
34683
34684
34685
34688
34689
34690
34691
34692
34695
34697
34698
34705
34711
34712
34713
34714
34715
34729
34734
34736
34737
34740
34741
34742
34743
34744
34745
34746
34747
34753
34755
34756
34758
34759
34760
34761
34769
34770
34771
34772
34777
34778
34786
34787
34797
35004
35005
35006
35007
35015
35020
35021
35022
35023
35032
35036
35038
35040
35043
35044
35048
35051
35052
35054
35060
35061
35062
35063
35064
35068
35071
35073
35074
35078
35080
35091
35094
35111
35112
35114
35115
35116
35117
35118
35119
35120
35123
35124
35126
35127
35128
35130
35133
35137
35139
35142
35144
35147
35148
35172
35173
35176
35178
35180
35181
35185
35186
35187
35188
35201
35202
35203
35204
35205
35206
35207
35208
35209
35210
35211
35212
35213
35214
35215
35216
35217
35218
35219
35220
35221
35222
35223
35224
35226
35228
35229
35231
35232
35233
35234
35235
35236
35237
35238
35242
35243
35244
35246
35249
35253
35254
35255
35259
35260
35261
35266
35270
35282
35283
35285
35287
35288
35290
35291
35292
35293
35294
35295
35296
35297
35298
35440
35468
35478
35550
35560
35584
37617
37618
37620
37621
37625
37640
37643
37644
37662
37680
37683
37686
37688
37691
37694
37699
37701
37705
37709
37710
37714
37716
37717
37719
37721
37737
37742
37748
37754
37757
37763
37764
37769
37771
37772
37774
37777
37779
37801
37802
37803
37804
37806
37807
37820
37828
37830
37831
37840
37845
37848
37849
37853
37862
37863
37864
37865
37868
37871
37876
37878
37882
37885
37886
37901
37902
37909
37912
37914
37915
37916
37917
37918
37919
37920
37921
37922
37923
37924
37927
37928
37929
37930
37931
37932
37933
37934
37938
37939
37940
37950
37995
37996
37997
37998
39501
39502
39503
39505
39506
39507
39520
39521
39525
39530
39531
39532
39533
39534
39535
39540
39552
39553
39556
39558
39560
39561
39562
39563
39564
39565
39566
39567
39568
39569
39571
39573
39574
39576
39581
39595
39815
39828
39829
39852
39897
39901
40111
42301
42302
42303
42304
42320
42322
42325
42327
42328
42334
42338
42343
42347
42348
42350
42351
42352
42354
42355
42356
42361
42364
42366
42368
42371
42372
42374
42376
42377
42378
42402
42406
42413
42419
42420
42444
42451
42452
42455
42456
42457
42458
46301
46304
46345
46346
46350
46352
46360
46361
46365
46368
46371
46382
46383
46384
46385
46390
46391
46552
47520
47531
47537
47550
47552
47579
47586
47588
47601
47610
47611
47615
47617
47629
47630
47634
47635
47637
47701
47702
47703
47704
47705
47706
47708
47710
47711
47713
47714
47715
47716
47719
47721
47722
47724
47728
47730
47731
47732
47733
47734
47735
47736
47737
47740
47747
47750
49115
49116
49117
49125
49128
49129
61701
61702
61704
61705
61709
61710
61722
61725
61728
61729
61730
61732
61733
61736
61737
61738
61742
61744
61745
61748
61752
61753
61754
61755
61758
61759
61761
61771
61772
61774
61776
61777
61790
61791
61799
70501
70502
70503
70504
70505
70506
70507
70508
70509
70510
70511
70512
70513
70516
70517
70518
70519
70520
70521
70525
70526
70527
70528
70529
70531
70533
70534
70541
70544
70548
70550
70551
70552
70555
70558
70559
70560
70562
70563
70569
70570
70571
70575
70577
70578
70582
70583
70584
70592
70593
70596
70598
75001
75006
75007
75010
75011
75014
75015
75016
75017
75019
75022
75027
75028
75029
75038
75039
75047
75050
75051
75052
75053
75054
75057
75060
75061
75062
75063
75067
75077
75080
75081
75083
75099
75101
75102
75104
75105
75106
75109
75110
75115
75116
75119
75120
75123
75125
75134
75137
75138
75141
75143
75144
75146
75148
75149
75150
75151
75152
75153
75154
75155
75156
75157
75158
75163
75165
75167
75168
75172
75180
75185
75187
75201
75202
75203
75204
75205
75206
75207
75208
75209
75210
75211
75212
75214
75215
75216
75217
75218
75219
75220
75221
75222
75223
75224
75225
75226
75227
75228
75229
75230
75231
75232
75233
75234
75235
75236
75237
75238
75240
75241
75242
75243
75244
75246
75247
75248
75249
75250
75251
75252
75253
75254
75260
75261
75262
75263
75264
75265
75266
75267
75270
75275
75277
75283
75284
75285
75287
75301
75303
75312
75313
75315
75320
75326
75336
75339
75342
75354
75355
75356
75357
75358
75359
75360
75367
75368
75370
75371
75372
75373
75374
75376
75378
75379
75380
75381
75382
75389
75390
75391
75392
75393
75394
75395
75397
75398
75848
75859
76001
76002
76003
76004
76005
76006
76007
76009
76010
76011
76012
76013
76014
76015
76016
76017
76018
76019
76021
76022
76028
76031
76033
76034
76036
76039
76040
76041
76044
76050
76051
76052
76053
76054
76058
76059
76060
76061
76063
76064
76065
76084
76092
76094
76095
76096
76097
76099
76101
76102
76103
76104
76105
76106
76107
76108
76109
76110
76111
76112
76113
76114
76115
76116
76117
76118
76119
76120
76121
76122
76123
76124
76126
76127
76129
76130
76131
76132
76133
76134
76135
76136
76137
76140
76147
76148
76150
76155
76161
76162
76163
76164
76166
76177
76179
76180
76181
76182
76185
76190
76191
76193
76195
76196
76197
76198
76199
76244
76248
76262
76501
76503
76504
76505
76524
76526
76557
76558
76561
76564
76579
76596
76598
76599
76621
76622
76623
76624
76626
76628
76630
76632
76633
76634
76635
76638
76639
76640
76641
76643
76644
76648
76650
76651
76654
76655
76656
76657
76660
76661
76664
76666
76667
76670
76673
76679
76681
76682
76684
76685
76686
76689
76691
76693
76701
76702
76703
76704
76705
76706
76707
76708
76710
76711
76712
76714
76715
76716
76797
76798
76799
78002
78004
78006
78009
78015
78023
78039
78052
78054
78056
78059
78063
78065
78066
78069
78070
78073
78101
78108
78109
78112
78121
78124
78132
78148
78150
78152
78154
78163
78201
78202
78203
78204
78205
78206
78207
78208
78209
78210
78211
78212
78213
78214
78215
78216
78217
78218
78219
78220
78221
78222
78223
78224
78225
78226
78227
78228
78229
78230
78231
78232
78233
78234
78235
78236
78237
78238
78239
78240
78241
78242
78243
78244
78245
78246
78247
78248
78249
78250
78251
78252
78253
78254
78255
78256
78257
78258
78259
78260
78261
78263
78264
78265
78266
78268
78269
78270
78278
78279
78280
78283
78284
78285
78288
78289
78291
78292
78293
78294
78295
78296
78297
78298
78299
86001
86002
86003
86004
86005
86011
86015
86017
86018
86038
86336
86339
86340
86341
86351
93203
93206
93215
93216
93220
93226
93241
93250
93263
93268
93276
93280
93287
93301
93302
93303
93304
93305
93306
93307
93308
93309
93311
93312
93313
93314
93380
93383
93384
93385
93386
93387
93388
93389
93390
93531
94503
94508
94510
94512
94515
94518
94519
94520
94522
94523
94524
94525
94527
94529
94530
94533
94534
94535
94547
94553
94558
94559
94562
94564
94567
94569
94572
94573
94574
94576
94581
94585
94589
94590
94591
94592
94599
94707
94801
94802
94803
94804
94805
94806
94807
94808
94820
94850
94901
94903
94904
94912
94913
94914
94915
94926
94927
94928
94930
94931
94939
94945
94946
94947
94948
94949
94951
94952
94953
94954
94955
94957
94960
94963
94964
94973
94974
94975
94977
94978
94979
94998
94999
95401
95402
95403
95404
95405
95406
95407
95409
95416
95419
95431
95433
95439
95442
95452
95472
95473
95476
95487
95620
95625
95627
95687
95688
95694
95696
97501
97502
97503
97504
97520
97522
97524
97525
97526
97527
97528
97530
97533
97535
97537
97539
97540
97541
97544
