06807
06820
06830
06831
06836
06840
06850
06851
06852
06853
06854
06855
06856
06857
06858
06860
06870
06878
06901
06902
06903
06904
06905
06906
06907
06910
06911
06912
06913
06914
06920
06921
06922
06926
06927
07002
07003
07006
07008
07009
07010
07011
07012
07013
07014
07015
07017
07018
07019
07020
07021
07022
07024
07026
07028
07029
07030
07031
07032
07036
07040
07042
07043
07044
07047
07050
07051
07052
07055
07057
07070
07071
07072
07073
07074
07075
07079
07083
07086
07087
07088
07093
07094
07096
07097
07099
07101
07102
07103
07104
07105
07106
07107
07108
07109
07110
07111
07112
07114
07175
07184
07188
07189
07191
07192
07193
07195
07198
07199
07201
07202
07203
07204
07205
07206
07207
07208
07302
07303
07304
07305
07306
07307
07308
07310
07311
07395
07399
07401
07407
07410
07417
07423
07424
07432
07446
07450
07451
07452
07458
07463
07470
07474
07481
07501
07502
07503
07504
07505
07506
07507
07508
07509
07510
07511
07512
07513
07514
07522
07524
07533
07538
07543
07544
07601
07602
07603
07604
07605
07606
07607
07608
07620
07621
07624
07626
07627
07628
07630
07631
07632
07640
07641
07642
07643
07644
07645
07646
07647
07648
07649
07650
07652
07653
07656
07657
07660
07661
07662
07663
07666
07670
07675
07676
07677
07699
07732
10001
10002
10003
10004
10005
10006
10007
10008
10009
10010
10011
10012
10013
10014
10016
10017
10018
10019
10020
10021
10022
10023
10024
10025
10026
10027
10028
10029
10030
10031
10032
10033
10034
10035
10036
10037
10038
10039
10040
10041
10043
10044
10045
10055
10060
10065
10069
10075
10080
10081
10087
10090
10095
10101
10102
10103
10104
10105
10106
10107
10108
10109
10110
10111
10112
10113
10114
10115
10116
10117
10118
10119
10120
10121
10122
10123
10124
10125
10126
10128
10129
10130
10131
10132
10133
10138
10150
10151
10152
10153
10154
10155
10156
10157
10158
10159
10160
10161
10162
10163
10164
10165
10166
10167
10168
10169
10170
10171
10172
10173
10174
10175
10176
10177
10178
10179
10185
10199
10203
10211
10212
10213
10242
10249
10256
10257
10258
10259
10260
10261
10265
10268
10269
10270
10271
10272
10273
10274
10275
10276
10277
10278
10279
10280
10281
10282
10285
10286
10292
10301
10302
10303
10304
10305
10306
10308
10310
10311
10312
10313
10314
10451
10452
10453
10454
10455
10456
10457
10458
10459
10460
10461
10462
10463
10464
10465
10466
10467
10468
10469
10470
10471
10472
10473
10474
10475
10502
10503
10504
10506
10510
10514
10522
10523
10528
10530
10532
10533
10538
10543
10545
10546
10549
10550
10551
10552
10553
10562
10570
10573
10576
10577
10580
10583
10591
10594
10595
10601
10602
10603
10604
10605
10606
10607
10610
10701
10702
10703
10704
10705
10706
10707
10708
10709
10710
10801
10802
10803
10804
10805
10913
10920
10952
10954
10956
10960
10962
10964
10965
10968
10976
10977
10982
10983
10989
10994
11001
11002
11003
11004
11005
11010
11020
11021
11022
11023
11024
11026
11027
11030
11040
11042
11050
11051
11052
11053
11054
11055
11096
11101
11102
11103
11104
11105
11106
11109
11120
11201
11202
11203
11204
11205
11206
11207
11208
11209
11210
11211
11212
11213
11214
11215
11216
11217
11218
11219
11220
11221
11222
11223
11224
11225
11226
11228
11229
11230
11231
11232
11233
11234
11235
11236
11237
11238
11239
11241
11242
11243
11245
11247
11249
11251
11252
11256
11351
11352
11354
11355
11356
11357
11358
11359
11360
11361
11362
11363
11364
11365
11366
11367
11368
11369
11370
11371
11372
11373
11374
11375
11377
11378
11379
11380
11381
11385
11386
11405
11411
11412
11413
11414
11415
11416
11417
11418
11419
11420
11421
11422
11423
11424
11425
11426
11427
11428
11429
11430
11431
11432
11433
11434
11435
11436
11439
11451
11499
11501
11507
11509
11510
11514
11516
11518
11520
11530
11531
11542
11545
11547
11548
11549
11550
11551
11552
11553
11554
11555
11556
11557
11558
11559
11560
11561
11563
11565
11566
11568
11569
11570
11571
11572
11575
11576
11577
11579
11580
11581
11582
11590
11596
11598
11599
11690
11691
11692
11693
11694
11695
11697
11701
11702
11703
11704
11706
11707
11709
11710
11714
11717
11718
11721
11722
11724
11725
11726
11729
11730
11731
11732
11735
11737
11740
11743
11746
11747
11749
11751
11752
11753
11754
11756
11757
11758
11760
11762
11765
11768
11771
11773
11775
11783
11787
11788
11791
11793
11795
11797
11798
11801
11802
11803
11804
11815
11819
11853
11854
33002
33004
33008
33009
33010
33011
33012
33013
33014
33015
33016
33017
33018
33019
33020
33021
33022
33023
33024
33025
33026
33027
33028
33029
33031
33032
33033
33039
33054
33055
33056
33060
33061
33062
33063
33064
33065
33066
33067
33068
33069
33071
33072
33073
33074
33075
33076
33077
33081
33082
33083
33084
33092
33093
33097
33101
33102
33106
33109
33111
33112
33114
33116
33119
33122
33124
33125
33126
33127
33128
33129
33130
33131
33132
33133
33134
33135
33136
33137
33138
33139
33140
33141
33142
33143
33144
33145
33146
33147
33149
33150
33151
33152
33153
33154
33155
33156
33157
33158
33159
33160
33161
33162
33163
33164
33165
33166
33167
33168
33169
33170
33172
33173
33174
33175
33176
33177
33178
33179
33180
33181
33182
33183
33184
33185
33186
33187
33188
33189
33190
33193
33194
33196
33197
33199
33206
33222
33231
33233
33234
33238
33239
33242
33243
33245
33247
33255
33256
33257
33261
33265
33266
33269
33280
33283
33296
33299
33301
33302
33303
33304
33305
33306
33307
33308
33309
33310
33311
33312
33313
33314
33315
33316
33317
33318
33319
33320
33321
33322
33323
33324
33325
33326
33327
33328
33329
33330
33331
33332
33334
33335
33336
33337
33338
33339
33340
33345
33346
33348
33349
33351
33355
33359
33388
33394
33401
33402
33403
33404
33405
33406
33407
33408
33409
33410
33411
33412
33413
33414
33415
33416
33417
33418
33419
33420
33421
33422
33424
33425
33426
33427
33428
33429
33430
33431
33432
33433
33434
33435
33436
33437
33441
33442
33443
33444
33445
33446
33448
33449
33454
33455
33458
33460
33461
33462
33463
33464
33465
33466
33467
33468
33469
33470
33472
33473
33474
33475
33477
33478
33480
33481
33482
33483
33484
33486
33487
33488
33493
33496
33497
33498
33499
48001
48002
48003
48004
48005
48006
48007
48009
48012
48014
48015
48017
48021
48022
48023
48025
48026
48027
48028
48030
48032
48033
48034
48035
48036
48037
48038
48039
48040
48041
48042
48043
48044
48045
48046
48047
48048
48049
48050
48051
48054
48059
48060
48061
48062
48063
48064
48065
48066
48067
48068
48069
48070
48071
48072
48073
48074
48075
48076
48079
48080
48081
48082
48083
48084
48085
48086
48088
48089
48090
48091
48092
48093
48094
48095
48096
48097
48098
48099
48120
48121
48122
48126
48127
48128
48152
48201
48202
48203
48204
48205
48206
48207
48208
48209
48210
48211
48212
48213
48214
48215
48216
48217
48218
48219
48220
48221
48222
48223
48224
48225
48226
48227
48228
48230
48231
48232
48233
48234
48235
48236
48237
48238
48239
48240
48243
48244
48255
48260
48264
48265
48266
48267
48268
48269
48272
48275
48277
48278
48279
48288
48301
48302
48303
48304
48306
48307
48308
48309
48310
48311
48312
48313
48314
48315
48316
48317
48318
48320
48321
48322
48323
48324
48325
48326
48327
48328
48329
48330
48331
48332
48333
48334
48336
48340
48341
48342
48343
48346
48347
48348
48359
48360
48361
48362
48363
48366
48367
48370
48371
48387
48397
48412
48428
48444
48455
84003
84004
84005
84006
84010
84011
84014
84015
84016
84017
84018
84020
84024
84025
84032
84033
84037
84040
84041
84043
84044
84045
84047
84049
84050
84054
84055
84056
84060
84061
84062
84065
84067
84068
84070
84074
84075
84081
84084
84087
84088
84089
84090
84091
84092
84093
84094
84095
84096
84098
84101
84102
84103
84104
84105
84106
84107
84108
84109
84110
84111
84112
84113
84114
84115
84116
84117
84118
84119
84120
84121
84122
84123
84124
84125
84126
84127
84128
84129
84130
84131
84132
84133
84134
84136
84138
84139
84141
84143
84145
84147
84148
84150
84151
84152
84157
84158
84165
84170
84171
84180
84184
84189
84190
84199
84403
84405
84408
84415
90001
90002
90003
90004
90005
90006
90007
90008
90009
90010
90011
90012
90013
90014
90015
90016
90017
90018
90019
90020
90021
90022
90023
90024
90025
90026
90027
90028
90029
90030
90031
90032
90033
90034
90035
90036
90037
90038
90039
90040
90041
90042
90043
90044
90045
90046
90047
90048
90049
90050
90051
90052
90053
90054
90055
90056
90057
90058
90059
90060
90061
90062
90063
90064
90065
90066
90067
90068
90069
90070
90071
90072
90073
90074
90075
90076
90077
90078
90079
90080
90081
90082
90083
90084
90086
90087
90088
90089
90090
90091
90093
90094
90095
90096
90099
90189
90201
90202
90209
90210
90211
90212
90213
90220
90221
90222
90223
90224
90230
90231
90232
90233
90239
90240
90241
90242
90245
90247
90248
90249
90250
90251
90254
90255
90260
90261
90262
90263
90264
90265
90266
90267
90270
90272
90274
90275
90277
90278
90280
90290
90291
90292
90293
90294
90295
90296
90301
90302
90303
90304
90305
90306
90307
90308
90309
90310
90311
90312
90401
90402
90403
90404
90405
90406
90407
90408
90409
90410
90411
90501
90502
90503
90504
90505
90506
90507
90508
90509
90510
90601
90602
90603
90604
90605
90606
90607
90608
90609
90610
90620
90621
90622
90623
90624
90630
90631
90632
90633
90637
90638
90639
90640
90650
90651
90652
90660
90661
90662
90670
90671
90680
90701
90702
90703
90706
90707
90710
90711
90712
90713
90714
90715
90716
90717
90720
90721
90723
90731
90732
90733
90734
90740
90742
90743
90744
90745
90746
90747
90748
90749
90755
90801
90802
90803
90804
90805
90806
90807
90808
90809
90810
90813
90814
90815
90822
90831
90832
90833
90834
90835
90840
90842
90844
90846
90847
90848
90853
90895
90899
91001
91003
91006
91007
91008
91009
91010
91011
91012
91016
91017
91020
91021
91023
91024
91025
91030
91031
91040
91041
91042
91043
91046
91066
91077
91101
91102
91103
91104
91105
91106
91107
91108
91109
91110
91114
91115
91116
91117
91118
91121
91123
91124
91125
91126
91129
91182
91184
91185
91188
91189
91199
91201
91202
91203
91204
91205
91206
91207
91208
91209
91210
91214
91221
91222
91224
91225
91226
91301
91302
91303
91304
91305
91306
91307
91308
91309
91311
91313
91316
91322
91324
91325
91326
91327
91328
91329
91330
91331
91333
91334
91335
91337
91340
91341
91342
91343
91344
91345
91346
91352
91353
91356
91357
91359
91361
91362
91364
91365
91367
91371
91372
91376
91377
91382
91392
91393
91394
91395
91396
91401
91402
91403
91404
91405
91406
91407
91408
91409
91410
91411
91412
91413
91416
91423
91426
91436
91470
91482
91495
91496
91499
91501
91502
91503
91504
91505
91506
91507
91508
91510
91521
91522
91523
91526
91601
91602
91603
91604
91605
91606
91607
91608
91609
91610
91611
91612
91614
91615
91616
91617
91618
91706
91714
91715
91716
91722
91731
91732
91733
91734
91735
91744
91745
91746
91747
91748
91749
91754
91755
91756
91770
91771
91772
91775
91776
91778
91780
91790
91791
91792
91793
91801
91802
91803
91804
91896
91899
92605
92647
92649
92655
92683
92684
92685
92801
92802
92803
92804
92805
92812
92814
92815
92821
92822
92831
92832
92833
92834
92835
92836
92837
92838
92840
92841
92842
92843
92844
92845
92846
92850
93062
93063
93064
93099