01005
01068
01074
01094
01254
01267
01434
01451
01452
01453
01464
01467
01473
01501
01503
01505
01506
01507
01508
01509
01510
01515
01516
01519
01520
01522
01523
01524
01525
01526
01527
01531
01532
01534
01535
01536
01537
01538
01540
01541
01542
01543
01545
01546
01550
01560
01561
01562
01564
01566
01568
01569
01570
01571
01581
01583
01585
01586
01588
01590
01601
01602
01603
01604
01605
01606
01607
01608
01609
01610
01611
01612
01613
01614
01615
01653
01655
01701
01702
01703
01704
01719
01721
01740
01745
01746
01747
01748
01749
01752
01754
01756
01757
01772
01775
01776
01784
04002
04003
04004
04005
04006
04007
04011
04013
04014
04015
04017
04019
04021
04024
04029
04030
04032
04033
04034
04038
04039
04042
04043
04046
04048
04049
04050
04061
04062
04063
04064
04066
04069
04070
04071
04072
04074
04077
04078
04079
04082
04084
04085
04087
04092
04093
04094
04096
04097
04098
04101
04102
04103
04104
04105
04106
04107
04108
04109
04110
04112
04116
04122
04123
04124
04222
04260
04565
05260
05261
06262
07701
07702
07703
07704
07710
07711
07712
07715
07716
07717
07718
07719
07720
07721
07722
07723
07724
07726
07727
07728
07730
07731
07733
07735
07737
07738
07739
07740
07746
07747
07748
07750
07751
07752
07753
07754
07755
07756
07757
07758
07760
07762
07763
07764
07765
07799
08005
08006
08008
08011
08015
08019
08022
08041
08042
08050
08060
08064
08068
08087
08088
08092
08501
08505
08510
08511
08512
08514
08515
08520
08526
08527
08533
08535
08536
08550
08555
08561
08562
08602
08603
08604
08605
08606
08607
08610
08619
08620
08640
08641
08650
08690
08691
08701
08720
08721
08722
08723
08724
08730
08731
08732
08733
08734
08735
08736
08738
08739
08740
08741
08742
08750
08751
08752
08753
08754
08755
08756
08757
08758
08759
08810
08828
08831
08857
08884
12007
12008
12009
12010
12015
12017
12018
12019
12020
12022
12023
12024
12027
12028
12029
12033
12035
12037
12040
12041
12042
12045
12046
12047
12050
12051
12052
12053
12054
12055
12056
12057
12058
12059
12060
12061
12062
12063
12065
12066
12067
12073
12074
12075
12077
12082
12083
12084
12085
12086
12087
12089
12090
12094
12106
12107
12110
12115
12118
12120
12121
12122
12123
12124
12125
12128
12130
12132
12133
12136
12137
12138
12140
12141
12143
12144
12147
12148
12150
12151
12153
12154
12156
12157
12158
12159
12161
12165
12168
12169
12170
12172
12173
12174
12176
12180
12181
12182
12183
12184
12185
12186
12188
12189
12192
12193
12195
12196
12198
12201
12202
12203
12204
12205
12206
12207
12208
12209
12210
12211
12212
12214
12220
12222
12223
12224
12225
12226
12227
12228
12229
12230
12231
12232
12233
12234
12235
12236
12237
12238
12239
12240
12241
12242
12243
12244
12245
12246
12247
12248
12249
12250
12252
12255
12256
12257
12260
12261
12288
12301
12302
12303
12304
12305
12306
12307
12308
12309
12325
12345
12405
12413
12418
12422
12423
12431
12451
12460
12469
12470
12482
12534
12544
12565
12863
12866
15521
15522
15537
15539
15554
15559
15710
15714
15722
15724
15737
15738
15745
15753
15760
15761
15762
15773
15775
15901
15902
15904
15905
15906
15907
15909
15915
15921
15922
15924
15925
15927
15928
15929
15930
15931
15934
15938
15940
15942
15943
15945
15946
15948
15951
15952
15953
15954
15955
15956
15957
15958
15959
15960
15961
15962
15963
16601
16602
16603
16611
16613
16616
16617
16619
16620
16621
16622
16623
16624
16625
16627
16629
16630
16631
16633
16634
16635
16636
16637
16638
16639
16640
16641
16644
16645
16646
16647
16648
16650
16651
16652
16654
16655
16656
16657
16659
16660
16661
16662
16663
16664
16665
16667
16668
16670
16671
16672
16673
16674
16675
16678
16679
16680
16681
16682
16683
16684
16685
16686
16689
16691
16692
16693
16694
16695
16698
16699
16877
17052
17060
17087
17253
17264
17507
17517
17519
17528
17555
17567
17569
17578
17581
19501
19506
19508
19510
19516
19518
19519
19522
19523
19526
19533
19535
19536
19540
19541
19543
19547
19551
19554
19555
19560
19564
19565
19567
19601
19602
19603
19604
19605
19606
19607
19608
19609
19610
19611
19612
20001
20002
20003
20004
20005
20006
20007
20008
20009
20010
20011
20012
20013
20015
20016
20017
20018
20019
20020
20022
20024
20026
20027
20029
20030
20032
20033
20035
20036
20037
20038
20039
20040
20041
20042
20043
20044
20045
20047
20049
20050
20052
20053
20055
20056
20057
20058
20059
20060
20061
20062
20063
20064
20065
20066
20067
20068
20069
20070
20071
20073
20074
20075
20076
20077
20078
20080
20081
20082
20090
20091
20101
20102
20103
20104
20105
20108
20109
20110
20111
20112
20113
20119
20120
20121
20122
20124
20136
20138
20143
20146
20147
20148
20149
20151
20152
20153
20155
20156
20163
20164
20165
20166
20167
20168
20169
20170
20171
20172
20175
20176
20177
20178
20181
20182
20189
20190
20191
20192
20194
20195
20196
20201
20202
20203
20204
20206
20207
20208
20210
20211
20212
20213
20214
20215
20216
20217
20218
20219
20220
20221
20222
20223
20224
20226
20227
20228
20229
20230
20232
20233
20235
20237
20238
20239
20240
20241
20242
20244
20245
20250
20251
20252
20254
20260
20261
20262
20265
20266
20268
20270
20277
20289
20299
20301
20303
20306
20310
20314
20317
20318
20319
20330
20340
20350
20355
20370
20372
20373
20374
20375
20376
20380
20388
20389
20390
20391
20392
20393
20394
20395
20398
20401
20402
20403
20404
20405
20406
20407
20408
20409
20410
20411
20412
20413
20414
20415
20416
20417
20418
20419
20420
20421
20422
20423
20424
20425
20426
20427
20428
20429
20431
20433
20434
20435
20436
20437
20439
20440
20441
20442
20444
20447
20451
20453
20456
20460
20463
20468
20469
20470
20472
20500
20501
20502
20503
20504
20505
20506
20507
20508
20509
20510
20511
20515
20520
20521
20522
20523
20524
20525
20526
20527
20528
20529
20530
20531
20532
20533
20534
20535
20536
20537
20538
20539
20540
20541
20542
20543
20544
20546
20547
20548
20549
20551
20552
20553
20554
20555
20557
20559
20560
20565
20566
20570
20571
20572
20573
20575
20576
20577
20578
20579
20580
20581
20585
20586
20588
20590
20591
20593
20594
20597
20598
20599
20601
20602
20603
20604
20607
20608
20611
20613
20616
20617
20622
20623
20632
20637
20640
20643
20646
20658
20662
20675
20677
20693
20695
20697
20701
20703
20704
20705
20706
20707
20708
20709
20710
20711
20712
20715
20716
20717
20718
20719
20720
20721
20722
20723
20724
20725
20726
20731
20735
20736
20737
20738
20740
20741
20742
20743
20744
20745
20746
20747
20748
20749
20750
20752
20753
20754
20755
20757
20759
20762
20763
20768
20769
20770
20771
20772
20773
20774
20775
20776
20777
20778
20781
20782
20783
20784
20785
20787
20788
20790
20791
20792
20794
20797
20799
20810
20811
20812
20813
20814
20815
20816
20817
20818
20824
20825
20827
20830
20832
20833
20837
20838
20839
20841
20842
20847
20848
20849
20850
20851
20852
20853
20854
20855
20857
20859
20860
20861
20862
20866
20868
20871
20872
20874
20875
20876
20877
20878
20879
20880
20882
20883
20884
20885
20886
20889
20891
20892
20894
20895
20896
20897
20898
20899
20901
20902
20903
20904
20905
20906
20907
20908
20910
20911
20912
20913
20914
20915
20916
20918
20993
20997
21012
21029
21032
21035
21036
21037
21041
21042
21043
21044
21045
21046
21054
21060
21061
21062
21075
21076
21077
21090
21104
21108
21113
21114
21117
21122
21123
21133
21140
21144
21146
21150
21163
21201
21202
21203
21207
21208
21211
21215
21216
21217
21223
21225
21226
21227
21228
21229
21230
21231
21233
21235
21240
21241
21244
21250
21263
21270
21273
21275
21278
21279
21280
21282
21288
21289
21290
21297
21298
21401
21405
21704
21710
21717
21723
21737
21738
21754
21765
21770
21771
21774
21784
21790
21794
21797
22003
22009
22015
22025
22026
22027
22030
22031
22032
22033
22034
22035
22036
22037
22038
22039
22040
22041
22042
22043
22044
22046
22060
22066
22067
22079
22081
22082
22095
22096
22101
22102
22103
22106
22107
22108
22109
22116
22118
22119
22121
22122
22124
22125
22134
22135
22150
22151
22152
22153
22156
22158
22159
22160
22161
22172
22180
22181
22182
22183
22185
22191
22192
22193
22194
22195
22199
22201
22202
22203
22204
22205
22206
22207
22209
22210
22211
22212
22213
22214
22215
22216
22217
22219
22225
22226
22227
22230
22240
22241
22242
22243
22244
22245
22246
22301
22302
22303
22304
22305
22306
22307
22308
22309
22310
22311
22312
22313
22314
22315
22320
22331
22332
22333
22334
22350
22430
22463
22545
22554
22555
22556
22739
23320
23322
23323
23324
23325
23326
23327
23328
23452
23453
23456
23462
23463
23464
23465
23466
23467
23501
23502
23504
23506
23507
23508
23509
23510
23513
23514
23517
23523
23529
23701
23702
23704
23705
23707
23708
23709
27006
27012
27013
27014
27023
27028
27054
27103
27104
27107
27114
27127
27130
27228
27231
27239
27243
27253
27258
27278
27292
27293
27294
27295
27299
27302
27312
27314
27340
27351
27359
27360
27361
27370
27373
27374
27502
27503
27509
27510
27511
27512
27513
27514
27515
27516
27517
27518
27519
27522
27523
27525
27539
27540
27541
27544
27545
27560
27562
27565
27571
27572
27573
27574
27581
27583
27587
27588
27596
27599
27601
27602
27603
27604
27605
27606
27607
27608
27609
27610
27611
27612
27613
27614
27615
27616
27617
27619
27620
27621
27622
27623
27624
27625
27626
27627
27628
27629
27634
27635
27636
27640
27650
27656
27658
27661
27668
27675
27676
27690
27695
27697
27698
27699
27701
27702
27703
27704
27705
27706
27707
27708
27709
27710
27711
27712
27713
27715
27717
27722
28001
28002
28006
28009
28010
28012
28016
28023
28025
28026
28027
28031
28032
28034
28035
28036
28037
28039
28041
28052
28053
28054
28055
28056
28070
28071
28072
28075
28077
28078
28079
28080
28081
28082
28083
28086
28088
28092
28093
28097
28098
28101
28103
28104
28105
28106
28107
28108
28109
28110
28111
28112
28115
28117
28120
28123
28124
28125
28126
28127
28129
28130
28134
28137
28138
28144
28145
28146
28147
28159
28163
28164
28166
28173
28174
28201
28202
28203
28204
28205
28206
28207
28208
28209
28210
28211
28212
28213
28214
28215
28216
28217
28218
28219
28220
28221
28222
28223
28224
28226
28227
28228
28229
28230
28231
28232
28233
28234
28235
28236
28237
28241
28242
28243
28244
28246
28247
28250
28253
28254
28255
28256
28258
28260
28262
28263
28265
28266
28269
28270
28271
28272
28273
28274
28275
28277
28278
28280
28281
28282
28284
28285
28287
28288
28289
28290
28296
28297
28299
28625
28634
28660
28673
28677
28682
28687
28688
28718
28726
28750
28773
28782
28784
28790
29301
29303
29304
29305
29306
29316
29319
29320
29322
29333
29334
29336
29348
29349
29356
29365
29369
29375
29376
29377
29378
29385
29388
29601
29602
29603
29604
29605
29606
29607
29608
29609
29610
29611
29612
29613
29614
29615
29616
29617
29621
29622
29623
29624
29625
29627
29630
29631
29632
29633
29634
29635
29636
29640
29641
29642
29644
29645
29650
29651
29652
29654
29656
29657
29661
29662
29665
29667
29669
29670
29671
29673
29677
29680
29681
29682
29683
29685
29687
29688
29690
29697
29703
29704
29707
29708
29710
29712
29714
29715
29716
29720
29721
29722
29724
29726
29730
29731
29732
29733
29734
29744
29745
30004
30005
30011
30019
30024
30026
30028
30029
30040
30041
30042
30043
30044
30045
30046
30049
30095
30096
30097
30098
30099
30148
30501
30502
30503
30504
30506
30507
30510
30511
30515
30517
30518
30519
30527
30528
30529
30530
30531
30533
30534
30535
30542
30543
30545
30547
30548
30549
30554
30558
30563
30564
30565
30566
30567
30571
30575
30597
30599
30607
30620
30666
30680
31126
32102
32105
32110
32114
32115
32116
32117
32118
32119
32120
32121
32122
32123
32124
32125
32126
32127
32128
32129
32130
32132
32135
32136
32137
32141
32142
32143
32164
32168
32169
32170
32173
32174
32175
32176
32180
32190
32198
32701
32702
32703
32704
32706
32707
32708
32709
32710
32712
32713
32714
32715
32716
32718
32719
32720
32721
32722
32723
32724
32725
32726
32727
32728
32730
32732
32733
32735
32736
32738
32739
32744
32745
32746
32747
32750
32751
32752
32753
32754
32756
32757
32759
32762
32763
32764
32765
32766
32767
32768
32771
32772
32773
32774
32775
32776
32777
32778
32779
32784
32789
32790
32791
32792
32793
32794
32795
32798
32799
32801
32802
32803
32804
32805
32806
32807
32808
32809
32810
32811
32812
32814
32816
32817
32818
32819
32820
32821
32822
32824
32825
32826
32827
32828
32829
32830
32831
32832
32833
32834
32835
32836
32837
32839
32853
32854
32855
32856
32857
32858
32859
32860
32861
32862
32867
32868
32869
32872
32877
32878
32885
32886
32887
32891
32896
32897
33002
33004
33008
33009
33010
33011
33012
33013
33014
33015
33016
33017
33018
33019
33020
33021
33022
33023
33024
33025
33026
33027
33028
33029
33030
33031
33032
33033
33039
33054
33055
33056
33060
33061
33062
33063
33064
33065
33066
33067
33068
33069
33071
33072
33073
33074
33075
33076
33077
33081
33082
33083
33084
33090
33092
33093
33097
33101
33102
33106
33109
33111
33112
33114
33116
33119
33122
33124
33125
33126
33127
33128
33129
33130
33131
33132
33133
33134
33135
33136
33137
33138
33139
33140
33141
33142
33143
33144
33145
33146
33147
33149
33150
33151
33152
33153
33154
33155
33156
33157
33158
33160
33161
33162
33163
33164
33165
33166
33167
33168
33169
33170
33172
33173
33174
33175
33176
33177
33178
33179
33180
33181
33182
33183
33184
33185
33186
33187
33188
33189
33190
33193
33194
33195
33196
33197
33199
33206
33222
33231
33233
33234
33238
33239
33242
33243
33245
33247
33255
33256
33257
33261
33265
33266
33269
33280
33283
33296
33299
33301
33302
33303
33304
33305
33306
33307
33308
33309
33310
33311
33312
33313
33314
33315
33316
33317
33318
33319
33320
33321
33322
33323
33324
33325
33326
33327
33328
33329
33330
33331
33332
33334
33335
33336
33337
33338
33339
33340
33345
33346
33348
33349
33351
33355
33359
33388
33394
33401
33402
33403
33404
33405
33406
33407
33408
33409
33410
33411
33412
33413
33414
33415
33416
33417
33418
33419
33420
33421
33422
33424
33425
33426
33427
33428
33429
33431
33432
33433
33434
33435
33436
33437
33441
33442
33443
33444
33445
33446
33448
33449
33454
33458
33460
33461
33462
33463
33464
33465
33466
33467
33468
33469
33470
33472
33473
33474
33477
33478
33480
33481
33482
33483
33484
33486
33487
33488
33496
33497
33498
33499
33503
33508
33509
33510
33511
33523
33524
33525
33526
33527
33530
33534
33537
33539
33540
33541
33542
33543
33544
33545
33547
33548
33549
33550
33556
33558
33559
33563
33564
33565
33566
33567
33568
33569
33570
33571
33572
33573
33574
33575
33576
33578
33579
33583
33584
33586
33587
33592
33593
33594
33595
33596
33598
33601
33602
33603
33604
33605
33606
33607
33608
33609
33610
33611
33612
33613
33614
33615
33616
33617
33618
33619
33620
33621
33622
33623
33624
33625
33626
33629
33630
33631
33633
33634
33635
33637
33646
33647
33650
33655
33660
33661
33662
33663
33664
33672
33673
33674
33675
33677
33679
33680
33681
33682
33684
33685
33686
33687
33688
33689
33694
33701
33702
33703
33704
33705
33706
33707
33708
33709
33710
33711
33712
33713
33714
33715
33716
33729
33730
33731
33732
33733
33734
33736
33737
33738
33740
33741
33742
33743
33744
33747
33755
33756
33757
33758
33759
33760
33761
33762
33763
33764
33765
33766
33767
33769
33770
33771
33772
33773
33774
33775
33776
33777
33778
33779
33780
33781
33782
33784
33785
33786
33804
33805
33806
33809
33810
33815
33836
33837
33848
33849
33858
33896
33897
33907
33908
33912
33913
33919
33921
33927
33928
33929
33931
33932
33938
33946
33947
33948
33949
33950
33951
33952
33953
33954
33957
33965
33967
33980
33981
33982
33983
34101
34102
34103
34104
34105
34106
34107
34108
34109
34110
34112
34113
34114
34116
34117
34119
34120
34133
34134
34135
34136
34140
34142
34143
34145
34146
34201
34202
34203
34204
34205
34206
34207
34208
34210
34211
34212
34223
34224
34228
34229
34230
34231
34232
34233
34234
34235
34236
34237
34238
34239
34240
34241
34242
34243
34251
34260
34264
34267
34269
34270
34272
34274
34275
34276
34277
34278
34281
34282
34284
34285
34286
34287
34288
34289
34290
34291
34292
34293
34295
34602
34604
34605
34606
34607
34608
34609
34610
34611
34613
34614
34637
34638
34639
34652
34653
34654
34655
34656
34660
34667
34668
34669
34673
34674
34677
34679
34680
34681
34682
34683
34684
34685
34688
34689
34690
34691
34692
34695
34697
34698
34705
34711
34712
34713
34714
34715
34729
34734
34737
34740
34741
34742
34743
34744
34745
34746
34747
34755
34756
34758
34759
34760
34761
34769
34770
34771
34772
34777
34778
34786
34787
34788
34789
35007
35015
35020
35021
35022
35023
35043
35060
35061
35064
35068
35080
35114
35124
35127
35137
35142
35144
35201
35202
35203
35204
35205
35206
35207
35208
35209
35210
35211
35212
35213
35214
35216
35217
35218
35219
35221
35222
35223
35224
35226
35228
35229
35231
35232
35233
35234
35236
35237
35238
35242
35243
35244
35246
35249
35253
35254
35255
35259
35260
35261
35266
35270
35282
35283
35285
35287
35288
35290
35291
35292
35293
35294
35295
35296
35297
35298
41001
41005
41006
41007
41011
41012
41014
41015
41016
41017
41018
41019
41021
41022
41025
41030
41033
41035
41042
41048
41051
41053
41059
41063
41071
41072
41073
41074
41075
41076
41080
41085
41091
41092
41094
41099
43402
43403
43406
43408
43412
43414
43416
43430
43431
43432
43434
43441
43442
43443
43445
43447
43449
43450
43451
43458
43460
43462
43463
43465
43466
43468
43469
43504
43510
43515
43522
43525
43528
43532
43533
43534
43537
43540
43541
43542
43547
43551
43552
43558
43560
43565
43566
43567
43569
43571
43601
43603
43604
43605
43606
43607
43608
43609
43610
43611
43612
43613
43614
43615
43616
43617
43619
43620
43623
43635
43652
43654
43656
43657
43659
43660
43661
43666
43667
43681
43682
43697
43699
45001
45002
45004
45011
45012
45013
45014
45015
45018
45030
45033
45034
45036
45039
45040
45041
45042
45044
45050
45051
45052
45053
45055
45056
45061
45062
45063
45065
45067
45069
45071
45102
45103
45106
45111
45122
45140
45147
45150
45152
45153
45156
45157
45158
45160
45162
45174
45176
45201
45202
45203
45204
45205
45206
45207
45208
45209
45211
45212
45213
45214
45215
45216
45217
45218
45219
45220
45221
45222
45223
45224
45225
45226
45227
45229
45230
45231
45232
45233
45234
45235
45236
45237
45238
45239
45240
45241
45242
45243
45244
45245
45246
45247
45248
45249
45250
45251
45252
45253
45254
45255
45258
45262
45263
45264
45267
45268
45269
45270
45271
45273
45274
45275
45277
45280
45296
45298
45299
45999
46030
46032
46033
46034
46037
46038
46040
46048
46051
46052
46055
46060
46061
46062
46064
46069
46074
46075
46077
46082
46085
46102
46103
46106
46107
46110
46111
46112
46113
46117
46118
46121
46122
46123
46126
46129
46130
46131
46140
46142
46143
46144
46147
46149
46151
46154
46157
46158
46161
46162
46163
46165
46167
46168
46176
46180
46181
46183
46184
46186
46197
46201
46202
46203
46204
46205
46206
46207
46208
46209
46210
46211
46213
46214
46216
46217
46218
46219
46220
46221
46222
46224
46225
46226
46227
46228
46229
46230
46231
46234
46235
46236
46237
46239
46240
46241
46242
46244
46247
46249
46250
46251
46253
46254
46255
46256
46259
46260
46262
46266
46268
46274
46275
46277
46278
46280
46282
46283
46285
46290
46291
46295
46296
46298
47001
47016
47022
47025
47032
47035
47038
47040
47060
48110
48117
48131
48133
48137
48140
48144
48145
48157
48159
48160
48161
48162
48166
48177
48182
48190
48191
48414
48805
48808
48813
48819
48820
48821
48822
48823
48824
48825
48826
48827
48831
48833
48835
48836
48837
48840
48842
48848
48851
48853
48854
48857
48860
48861
48864
48866
48867
48872
48873
48875
48876
48879
48882
48890
48892
48894
48895
48897
48901
48906
48908
48909
48910
48911
48912
48913
48915
48916
48917
48918
48919
48922
48924
48929
48930
48933
48937
48951
48956
48980
49076
49096
49221
49228
49229
49238
49248
49251
49256
49259
49264
49267
49268
49269
49270
49272
49276
49277
49279
49284
49285
49286
49289
51501
51502
51503
51510
51526
51534
51542
51546
51548
51553
51554
51555
51556
51559
51561
51571
51575
51576
53114
53115
53125
53184
53501
53505
53511
53512
53520
53525
53537
53542
53545
53546
53547
53548
53576
53585
56901
56902
56904
56915
56920
56933
56935
56944
56945
56950
56965
56967
56972
56998
56999
60001
60033
60098
60109
60111
60113
60115
60129
60135
60145
60146
60150
60152
60178
60180
61008
61010
61011
61012
61015
61016
61018
61019
61020
61024
61038
61039
61043
61047
61049
61052
61054
61061
61063
61065
61067
61068
61070
61072
61073
61077
61079
61080
61084
61088
61101
61102
61103
61104
61105
61106
61107
61108
61109
61110
61111
61112
61114
61115
61125
61126
61130
61131
61132
62515
62517
62519
62520
62530
62531
62533
62536
62539
62540
62541
62545
62547
62548
62556
62558
62561
62563
62568
62570
62601
62612
62613
62615
62625
62629
62634
62640
62642
62659
62661
62662
62666
62670
62675
62677
62684
62688
62689
62690
62692
62693
62701
62702
62703
62704
62705
62706
62707
62708
62711
62712
62715
62716
62719
62721
62722
62723
62726
62736
62739
62756
62757
62761
62762
62763
62764
62765
62766
62767
62769
62776
62777
62781
62786
62791
62794
62796
68002
68003
68005
68007
68008
68009
68010
68016
68017
68018
68022
68023
68025
68026
68028
68029
68033
68034
68037
68041
68042
68044
68046
68048
68056
68058
68059
68064
68065
68066
68068
68069
68073
68101
68102
68103
68104
68105
68106
68107
68108
68109
68110
68111
68112
68113
68114
68116
68117
68118
68119
68120
68122
68123
68124
68127
68128
68130
68131
68132
68133
68134
68135
68136
68137
68138
68139
68142
68144
68145
68147
68152
68154
68155
68157
68164
68172
68175
68176
68178
68179
68180
68182
68183
68197
68198
68301
68304
68307
68314
68317
68324
68328
68331
68333
68336
68339
68341
68343
68344
68347
68349
68358
68360
68366
68368
68372
68402
68403
68404
68405
68407
68409
68413
68417
68418
68419
68422
68423
68428
68430
68434
68438
68443
68446
68454
68461
68462
68463
68465
68501
68502
68503
68504
68505
68506
68507
68508
68509
68510
68512
68514
68516
68517
68520
68521
68522
68523
68524
68526
68527
68528
68529
68531
68532
68542
68544
68583
68588
73003
73007
73008
73010
73012
73013
73016
73019
73020
73022
73025
73026
73034
73036
73044
73045
73049
73054
73058
73059
73064
73065
73066
73068
73069
73070
73071
73072
73078
73083
73084
73085
73089
73090
73093
73097
73099
73101
73102
73103
73104
73105
73106
73107
73108
73109
73110
73111
73112
73113
73114
73115
73116
73117
73118
73119
73120
73121
73122
73123
73124
73125
73126
73127
73128
73129
73130
73131
73132
73134
73135
73136
73137
73139
73140
73141
73142
73143
73144
73145
73146
73147
73148
73149
73150
73151
73152
73153
73154
73155
73156
73157
73159
73160
73162
73163
73164
73165
73167
73169
73170
73172
73173
73178
73179
73184
73185
73189
73190
73194
73195
73196
73762
74001
74008
74011
74012
74013
74014
74015
74017
74018
74019
74021
74033
74036
74037
74039
74041
74043
74044
74047
74050
74053
74054
74055
74060
74063
74066
74067
74070
74071
74073
74081
74082
74101
74102
74103
74104
74105
74106
74107
74108
74110
74112
74114
74115
74116
74117
74119
74120
74121
74126
74127
74128
74129
74130
74131
74132
74133
74134
74135
74136
74137
74141
74145
74146
74147
74148
74149
74150
74152
74153
74155
74156
74157
74158
74159
74169
74170
74171
74172
74182
74186
74187
74192
74193
74421
74429
74436
74454
74456
74458
74851
74857
74881
75001
75002
75006
75011
75017
75023
75026
75030
75032
75039
75040
75041
75042
75043
75044
75045
75046
75047
75048
75049
75060
75061
75074
75075
75080
75081
75082
75083
75085
75086
75087
75088
75089
75093
75094
75098
75114
75116
75125
75126
75132
75134
75141
75146
75149
75150
75159
75160
75166
75172
75180
75181
75182
75185
75187
75201
75202
75203
75204
75205
75206
75207
75208
75209
75210
75211
75212
75214
75215
75216
75217
75218
75219
75220
75221
75222
75223
75224
75225
75226
75227
75228
75229
75230
75231
75232
75233
75234
75235
75236
75237
75238
75240
75241
75242
75243
75244
75246
75247
75248
75250
75251
75252
75253
75254
75260
75262
75263
75264
75265
75266
75267
75270
75275
75277
75283
75284
75285
75287
75301
75303
75312
75313
75315
75320
75326
75336
75339
75342
75354
75355
75356
75357
75358
75359
75360
75367
75370
75371
75372
75373
75374
75376
75378
75379
75380
75381
75382
75389
75390
75391
75392
75393
75394
75395
75397
75398
76501
76502
76503
76504
76505
76508
76511
76513
76522
76524
76526
76527
76528
76533
76534
76537
76539
76540
76541
76542
76543
76544
76547
76548
76549
76550
76554
76557
76558
76559
76561
76564
76571
76573
76579
76596
76597
76598
76599
76621
76622
76624
76630
76631
76632
76633
76634
76638
76640
76643
76644
76645
76648
76654
76655
76656
76657
76660
76661
76664
76673
76676
76682
76684
76685
76689
76691
76692
76701
76702
76703
76704
76705
76706
76707
76708
76710
76711
76712
76714
76715
76716
76797
76798
76799
77001
77002
77003
77004
77005
77006
77007
77008
77009
77010
77011
77012
77013
77014
77015
77016
77017
77018
77019
77020
77021
77022
77023
77024
77025
77026
77027
77028
77029
77030
77031
77032
77033
77034
77035
77036
77037
77038
77039
77040
77041
77042
77043
77044
77045
77046
77047
77048
77049
77050
77051
77052
77053
77054
77055
77056
77057
77058
77059
77060
77061
77062
77063
77064
77065
77066
77067
77068
77069
77070
77071
77072
77073
77074
77075
77076
77077
77078
77079
77080
77081
77082
77083
77084
77085
77086
77087
77088
77089
77090
77091
77092
77093
77094
77095
77096
77098
77099
77201
77202
77203
77204
77205
77206
77207
77208
77209
77210
77212
77213
77215
77216
77217
77218
77219
77220
77221
77222
77223
77224
77225
77226
77227
77228
77229
77230
77231
77233
77234
77235
77236
77237
77238
77240
77241
77242
77243
77244
77245
77248
77249
77251
77252
77253
77254
77255
77256
77257
77258
77259
77261
77262
77263
77265
77266
77267
77268
77269
77270
77271
77272
77273
77274
77275
77277
77279
77280
77282
77284
77287
77288
77289
77290
77291
77292
77293
77297
77299
77315
77325
77337
77338
77339
77346
77347
77373
77375
77377
77379
77383
77388
77389
77391
77396
77401
77402
77406
77407
77410
77411
77413
77417
77423
77429
77430
77433
77441
77444
77449
77450
77451
77459
77461
77464
77466
77469
77471
77476
77477
77478
77479
77481
77485
77487
77489
77491
77492
77493
77494
77496
77497
77498
77501
77502
77503
77504
77505
77506
77507
77508
77511
77512
77517
77518
77520
77521
77522
77530
77532
77536
77539
77545
77546
77547
77549
77562
77565
77571
77572
77573
77574
77577
77578
77581
77583
77584
77586
77587
77588
77598
78002
78004
78006
78009
78015
78023
78027
78039
78052
78054
78056
78059
78063
78065
78066
78069
78070
78073
78101
78108
78109
78112
78121
78123
78124
78130
78131
78132
78133
78135
78148
78150
78152
78154
78163
78201
78202
78203
78204
78205
78206
78207
78208
78209
78210
78211
78212
78213
78214
78215
78216
78217
78218
78219
78220
78221
78222
78223
78224
78225
78226
78227
78228
78229
78230
78231
78232
78233
78234
78235
78236
78237
78238
78239
78240
78241
78242
78243
78244
78245
78246
78247
78248
78249
78250
78251
78252
78253
78254
78255
78256
78257
78258
78259
78260
78261
78263
78264
78265
78266
78268
78269
78270
78278
78279
78280
78283
78284
78285
78288
78289
78291
78292
78293
78294
78295
78296
78297
78298
78299
78605
78608
78623
78628
78633
78642
78673
79311
79313
79329
79336
79338
79343
79345
79350
79358
79363
79364
79366
79367
79373
79380
79381
79382
79383
79401
79402
79403
79404
79406
79407
79408
79409
79410
79411
79412
79413
79414
79415
79416
79423
79424
79430
79452
79453
79457
79464
79490
79491
79493
79499
79821
79835
83218
83221
83236
83256
83274
83401
83402
83403
83404
83405
83406
83415
83427
83431
83434
83440
83441
83442
83443
83444
83454
83460
83814
83815
83816
83854
83858
83876
83877
85001
85002
85003
85004
85005
85006
85007
85008
85009
85010
85011
85012
85013
85014
85015
85016
85017
85018
85019
85020
85021
85022
85023
85024
85025
85026
85027
85028
85029
85030
85031
85032
85033
85034
85035
85036
85037
85038
85039
85040
85041
85042
85043
85044
85045
85046
85048
85050
85051
85053
85054
85060
85061
85062
85063
85064
85065
85066
85067
85068
85069
85070
85071
85072
85073
85074
85075
85076
85078
85079
85080
85082
85083
85085
85086
85087
85097
85098
85117
85118
85119
85120
85121
85127
85138
85140
85142
85143
85147
85178
85190
85201
85202
85203
85204
85205
85206
85207
85208
85209
85210
85211
85212
85213
85214
85215
85216
85224
85225
85226
85233
85234
85236
85244
85246
85248
85249
85250
85251
85252
85253
85254
85255
85256
85257
85258
85259
85260
85261
85262
85263
85264
85266
85267
85268
85269
85271
85274
85275
85277
85280
85281
85282
85283
85284
85285
85286
85287
85295
85296
85297
85298
85299
85301
85302
85303
85304
85305
85306
85307
85308
85309
85310
85311
85312
85318
85323
85327
85329
85331
85335
85338
85339
85340
85345
85351
85353
85355
85361
85363
85372
85373
85374
85375
85376
85377
85378
85379
85380
85381
85382
85383
85385
85387
85388
85392
85395
85396
85619
85629
85652
85654
85701
85702
85703
85704
85705
85706
85707
85708
85709
85710
85711
85712
85713
85714
85715
85716
85717
85718
85719
85720
85721
85722
85723
85724
85725
85726
85728
85730
85731
85732
85733
85734
85735
85737
85738
85739
85740
85741
85742
85743
85744
85745
85746
85747
85748
85749
85750
85751
85752
85754
85755
85756
85757
85775
87004
87008
87022
87042
87043
87047
87048
87059
87068
87101
87102
87103
87104
87105
87106
87107
87108
87109
87110
87111
87112
87113
87114
87115
87116
87117
87119
87120
87121
87122
87123
87124
87125
87131
87144
87151
87153
87154
87158
87174
87176
87181
87184
87185
87187
87190
87191
87192
87193
87194
87195
87196
87197
87198
87199
88001
88002
88003
88004
88005
88006
88007
88011
88012
88013
88021
88024
88027
88032
88033
88044
88046
88047
88048
88052
88054
88058
88072
88081
90001
90002
90003
90004
90005
90006
90007
90008
90009
90010
90011
90012
90013
90014
90015
90016
90017
90018
90019
90020
90021
90022
90023
90024
90025
90026
90027
90028
90029
90030
90031
90032
90033
90034
90035
90036
90037
90038
90039
90040
90041
90042
90043
90044
90045
90046
90047
90048
90049
90050
90051
90052
90053
90054
90055
90056
90057
90058
90059
90060
90061
90062
90063
90064
90065
90066
90067
90068
90069
90070
90071
90072
90073
90074
90075
90076
90077
90078
90079
90080
90081
90082
90083
90084
90086
90087
90088
90089
90090
90091
90093
90094
90095
90096
90099
90189
90201
90202
90209
90210
90211
90212
90213
90220
90221
90222
90223
90224
90230
90231
90232
90233
90239
90240
90241
90242
90245
90247
90248
90249
90250
90251
90254
90255
90260
90261
90262
90266
90267
90270
90272
90274
90275
90277
90278
90280
90291
90292
90293
90294
90295
90296
90301
90302
90303
90304
90305
90306
90307
90308
90309
90310
90311
90312
90401
90402
90403
90404
90405
90406
90407
90408
90409
90410
90411
90501
90502
90503
90504
90505
90506
90507
90508
90509
90510
90601
90602
90603
90604
90605
90606
90607
90608
90609
90610
90620
90621
90622
90623
90624
90630
90631
90632
90633
90637
90638
90639
90640
90650
90651
90652
90660
90661
90662
90670
90671
90680
90701
90702
90703
90706
90707
90710
90711
90712
90713
90714
90715
90716
90717
90720
90721
90723
90731
90732
90733
90734
90740
90742
90743
90744
90745
90746
90747
90748
90749
90755
90801
90802
90803
90804
90805
90806
90807
90808
90809
90810
90813
90814
90815
90822
90831
90832
90833
90834
90835
90840
90842
90844
90846
90847
90848
90853
90895
90899
91001
91003
91006
91007
91008
91009
91010
91011
91012
91016
91017
91020
91021
91023
91024
91025
91030
91031
91040
91041
91042
91043
91046
91066
91077
91101
91102
91103
91104
91105
91106
91107
91108
91109
91110
91114
91115
91116
91117
91118
91121
91123
91124
91125
91126
91129
91182
91184
91185
91188
91189
91199
91201
91202
91203
91204
91205
91206
91207
91208
91209
91210
91214
91221
91222
91224
91225
91226
91352
91353
91401
91403
91413
91423
91436
91495
91496
91501
91502
91503
91504
91505
91506
91507
91508
91510
91521
91522
91523
91526
91601
91602
91603
91604
91606
91607
91608
91609
91610
91611
91612
91614
91615
91616
91617
91618
91701
91702
91706
91708
91709
91710
91711
91714
91715
91716
91722
91723
91724
91729
91730
91731
91732
91733
91734
91735
91737
91739
91740
91741
91743
91744
91745
91746
91747
91748
91749
91750
91752
91754
91755
91756
91758
91759
91761
91762
91763
91764
91765
91766
91767
91768
91769
91770
91771
91772
91773
91775
91776
91778
91780
91784
91785
91786
91788
91789
91790
91791
91792
91793
91801
91802
91803
91804
91896
91899
91901
91902
91903
91908
91909
91910
91911
91912
91913
91914
91915
91916
91917
91921
91931
91932
91933
91935
91941
91942
91943
91944
91945
91946
91950
91951
91962
91963
91976
91977
91978
91979
91980
91987
92007
92008
92009
92010
92011
92013
92014
92018
92019
92020
92021
92022
92023
92024
92025
92026
92027
92029
92030
92033
92037
92038
92039
92040
92046
92049
92051
92052
92054
92056
92057
92058
92064
92065
92067
92068
92069
92070
92071
92072
92074
92075
92078
92079
92081
92083
92084
92085
92091
92092
92093
92096
92101
92102
92103
92104
92105
92106
92107
92108
92109
92110
92111
92112
92113
92114
92115
92116
92117
92118
92119
92120
92121
92122
92123
92124
92126
92127
92128
92129
92130
92131
92132
92134
92135
92136
92137
92138
92139
92140
92142
92143
92145
92147
92149
92150
92152
92153
92154
92155
92158
92159
92160
92161
92163
92165
92166
92167
92168
92169
92170
92171
92172
92173
92174
92175
92176
92177
92178
92179
92182
92186
92187
92190
92191
92192
92193
92195
92196
92197
92198
92199
92220
92223
92230
92313
92316
92317
92318
92320
92321
92322
92324
92325
92329
92331
92334
92335
92336
92337
92344
92346
92350
92352
92354
92357
92358
92369
92371
92372
92373
92374
92375
92376
92377
92378
92391
92397
92401
92402
92403
92404
92405
92406
92407
92408
92410
92411
92413
92415
92418
92423
92427
92501
92502
92503
92504
92505
92506
92507
92508
92509
92513
92514
92515
92516
92517
92518
92519
92521
92522
92532
92536
92543
92544
92545
92546
92548
92549
92551
92552
92553
92554
92555
92556
92557
92562
92563
92564
92567
92570
92571
92572
92581
92582
92583
92584
92585
92586
92587
92589
92591
92592
92593
92595
92596
92599
92602
92603
92604
92605
92606
92610
92612
92614
92615
92616
92617
92618
92619
92620
92623
92625
92626
92627
92628
92637
92646
92647
92648
92649
92650
92652
92655
92657
92658
92659
92660
92661
92662
92663
92676
92683
92684
92685
92697
92698
92701
92702
92703
92704
92705
92706
92707
92708
92711
92712
92728
92735
92780
92781
92782
92799
92801
92802
92803
92804
92805
92806
92807
92808
92809
92811
92812
92814
92815
92816
92817
92821
92822
92823
92825
92831
92832
92833
92834
92835
92836
92837
92838
92840
92841
92842
92843
92844
92845
92846
92850
92856
92857
92859
92860
92861
92862
92863
92864
92865
92866
92867
92868
92869
92870
92871
92877
92878
92879
92880
92881
92882
92883
92885
92886
92887
92899
93401
93403
93405
93406
93407
93408
93410
93420
93421
93424
93427
93429
93433
93434
93436
93437
93438
93440
93441
93444
93445
93448
93449
93454
93455
93456
93457
93458
93460
93463
93464
93475
93483
93544
93553
93563
97002
97003
97004
97005
97006
97007
97008
97009
97010
97013
97015
97018
97019
97022
97023
97024
97027
97030
97034
97035
97036
97042
97045
97051
97053
97054
97055
97056
97060
97062
97068
97070
97075
97076
97077
97078
97080
97086
97089
97106
97113
97116
97123
97124
97132
97133
97140
97201
97202
97203
97204
97205
97206
97207
97208
97209
97210
97211
97212
97213
97214
97215
97216
97217
97218
97219
97220
97221
97222
97223
97224
97225
97227
97228
97229
97230
97231
97232
97233
97236
97238
97239
97240
97242
97256
97258
97266
97267
97268
97269
97280
97281
97282
97283
97286
97290
97291
97292
97293
97294
97296
97298
98001
98003
98004
98005
98006
98007
98008
98009
98011
98012
98013
98014
98015
98019
98020
98021
98023
98024
98025
98026
98027
98028
98029
98030
98031
98032
98033
98034
98035
98036
98037
98038
98039
98040
98041
98042
98043
98046
98050
98052
98053
98055
98056
98057
98058
98059
98061
98062
98064
98065
98070
98071
98072
98073
98074
98075
98077
98082
98083
98087
98089
98101
98102
98103
98104
98105
98106
98107
98108
98109
98110
98111
98112
98113
98114
98115
98116
98117
98118
98119
98121
98122
98124
98125
98126
98127
98129
98131
98133
98134
98136
98138
98139
98141
98144
98145
98146
98148
98154
98155
98158
98160
98161
98164
98165
98166
98168
98170
98174
98175
98177
98178
98181
98185
98188
98190
98191
98194
98195
98198
98199
98201
98203
98204
98206
98207
98208
98213
98236
98249
98253
98258
98259
98260
98270
98271
98272
98275
98290
98291
98293
98294
98296
98310
98311
98312
98314
98315
98320
98322
98325
98332
98337
98339
98340
98342
98345
98346
98353
98358
98359
98364
98365
98366
98367
98370
98376
98378
98380
98383
98384
98386
98392
98393
98395
98601
98603
98604
98606
98607
98622
98625
98629
98639
98642
98660
98661
98662
98663
98664
98665
98666
98668
98671
98674
98675
98682
98683
98684
98685
98686
98687
99001
99003
99004
99005
99006
99008
99009
99011
99012
99013
99014
99016
99018
99019
99020
99021
99022
99023
99025
99026
99027
99029
99030
99031
99034
99036
99037
99039
99110
99149
99170
99201
99202
99203
99204
99205
99206
99207
99208
99209
99210
99211
99212
99213
99214
99215
99216
99217
99218
99219
99220
99223
99224
99228
99251
99252
99256
99258
99260
