10001
10002
10003
10004
10005
10006
10007
10008
10009
10010
10011
10012
10013
10014
10016
10017
10018
10019
10020
10021
10022
10023
10024
10025
10026
10027
10028
10029
10030
10031
10032
10033
10034
10035
10036
10037
10038
10039
10040
10041
10043
10044
10045
10055
10060
10065
10069
10075
10080
10081
10087
10090
10095
10101
10102
10103
10104
10105
10106
10107
10108
10109
10110
10111
10112
10113
10114
10115
10116
10117
10118
10119
10120
10121
10122
10123
10124
10125
10126
10128
10129
10130
10131
10132
10133
10138
10150
10151
10152
10153
10154
10155
10156
10157
10158
10159
10160
10161
10162
10163
10164
10165
10166
10167
10168
10169
10170
10171
10172
10173
10174
10175
10176
10177
10178
10179
10185
10199
10203
10211
10212
10213
10242
10249
10256
10257
10258
10259
10260
10261
10265
10268
10269
10270
10271
10272
10273
10274
10275
10276
10277
10278
10279
10280
10281
10282
10285
10286
10292
10301
10302
10303
10304
10305
10306
10307
10308
10309
10310
10311
10312
10313
10314
10451
10452
10453
10454
10455
10456
10457
10458
10459
10460
10461
10462
10463
10464
10465
10466
10467
10468
10469
10470
10471
10472
10473
10474
10475
10502
10503
10504
10510
10522
10523
10528
10530
10532
10533
10538
10543
10550
10551
10552
10553
10562
10570
10573
10577
10580
10583
10591
10594
10595
10601
10602
10603
10604
10605
10606
10607
10610
10701
10702
10703
10704
10705
10706
10707
10708
10709
10710
10801
10802
10803
10804
10805
10901
10913
10920
10931
10952
10954
10956
10960
10962
10964
10965
10968
10976
10977
10982
10983
10989
10994
11001
11002
11003
11004
11005
11010
11020
11021
11022
11023
11024
11026
11027
11030
11040
11042
11050
11051
11052
11053
11054
11055
11096
11101
11102
11103
11104
11105
11106
11109
11120
11201
11202
11203
11204
11205
11206
11207
11208
11209
11210
11211
11212
11213
11214
11215
11216
11217
11218
11219
11220
11221
11222
11223
11224
11225
11226
11228
11229
11230
11231
11232
11233
11234
11235
11236
11237
11238
11239
11241
11242
11243
11245
11247
11249
11251
11252
11256
11351
11352
11354
11355
11356
11357
11358
11359
11360
11361
11362
11363
11364
11365
11366
11367
11368
11369
11370
11371
11372
11373
11374
11375
11377
11378
11379
11380
11381
11385
11386
11405
11411
11412
11413
11414
11415
11416
11417
11418
11419
11420
11421
11422
11423
11424
11425
11426
11427
11428
11429
11430
11431
11432
11433
11434
11435
11436
11439
11451
11499
11501
11507
11509
11510
11514
11516
11518
11520
11530
11531
11542
11545
11547
11548
11549
11550
11551
11552
11553
11554
11555
11556
11557
11558
11559
11560
11561
11563
11565
11566
11568
11569
11570
11571
11572
11575
11576
11577
11579
11580
11581
11582
11590
11596
11598
11599
11690
11691
11692
11693
11694
11695
11697
11701
11702
11703
11704
11706
11707
11709
11710
11714
11716
11717
11718
11721
11722
11724
11725
11726
11729
11730
11731
11732
11735
11737
11739
11740
11741
11743
11746
11747
11749
11751
11752
11753
11754
11755
11756
11757
11758
11760
11762
11765
11767
11768
11769
11770
11771
11773
11775
11779
11780
11782
11783
11787
11788
11790
11791
11793
11794
11795
11796
11797
11798
11801
11802
11803
11804
11815
11819
11853
11854
14001
14004
14005
14006
14008
14010
14011
14013
14025
14026
14027
14028
14031
14032
14033
14036
14037
14038
14040
14043
14047
14051
14052
14055
14056
14057
14059
14061
14067
14068
14069
14072
14075
14080
14081
14082
14083
14085
14086
14091
14092
14094
14095
14102
14103
14105
14107
14108
14109
14110
14111
14112
14113
14120
14125
14126
14127
14131
14132
14139
14140
14141
14144
14145
14150
14151
14167
14169
14170
14172
14174
14201
14202
14203
14204
14205
14206
14207
14208
14209
14210
14211
14212
14213
14214
14215
14216
14217
14218
14219
14220
14221
14222
14223
14224
14225
14226
14227
14228
14231
14233
14240
14241
14260
14261
14263
14264
14265
14267
14269
14270
14272
14273
14276
14280
14301
14302
14303
14304
14305
18054
18073
18074
18076
18084
18901
18902
18911
18912
18913
18914
18915
18916
18917
18918
18922
18923
18924
18925
18927
18928
18929
18931
18932
18934
18936
18938
18940
18943
18944
18946
18947
18949
18954
18956
18957
18958
18960
18962
18964
18966
18969
18970
18971
18974
18976
18977
18979
18980
18991
19001
19002
19003
19004
19006
19007
19008
19009
19010
19012
19013
19014
19015
19016
19017
19018
19019
19020
19021
19022
19023
19025
19026
19027
19028
19029
19030
19031
19032
19033
19034
19035
19036
19037
19038
19039
19040
19041
19043
19044
19046
19047
19048
19049
19050
19052
19053
19054
19055
19056
19057
19058
19060
19061
19063
19064
19065
19066
19067
19070
19072
19073
19074
19075
19076
19078
19079
19080
19081
19082
19083
19085
19086
19087
19088
19089
19090
19091
19092
19093
19094
19095
19096
19098
19099
19101
19102
19103
19104
19105
19106
19107
19108
19109
19110
19111
19112
19113
19114
19115
19116
19118
19119
19120
19121
19122
19123
19124
19125
19126
19127
19128
19129
19130
19131
19132
19133
19134
19135
19136
19137
19138
19139
19140
19141
19142
19143
19144
19145
19146
19147
19148
19149
19150
19151
19152
19153
19154
19155
19160
19161
19162
19170
19171
19172
19173
19175
19176
19177
19178
19179
19181
19182
19183
19184
19185
19187
19188
19190
19191
19192
19193
19194
19195
19196
19197
19244
19255
19301
19311
19312
19316
19317
19319
19320
19331
19333
19335
19339
19340
19341
19342
19343
19345
19348
19353
19354
19355
19357
19358
19366
19372
19373
19374
19375
19376
19380
19381
19382
19383
19395
19397
19398
19399
19401
19403
19404
19405
19406
19407
19408
19409
19415
19421
19422
19423
19424
19425
19426
19428
19429
19430
19432
19435
19436
19437
19438
19440
19441
19442
19443
19444
19446
19450
19451
19453
19454
19455
19456
19457
19460
19462
19464
19465
19468
19470
19472
19473
19474
19475
19477
19478
19480
19481
19482
19484
19486
19490
19492
19493
19494
19495
19496
19525
19548
19703
19707
19710
19718
19720
19721
19732
19735
19736
19801
19802
19803
19804
19805
19806
19807
19808
19809
19810
19850
19880
19884
19885
19886
19890
19892
19893
19894
19895
19896
19897
19898
19899
30002
30003
30004
30005
30006
30007
30008
30009
30010
30011
30012
30013
30017
30019
30021
30022
30023
30024
30026
30028
30029
30030
30031
30032
30033
30034
30035
30036
30037
30038
30039
30040
30041
30042
30043
30044
30045
30046
30047
30048
30049
30052
30058
30060
30061
30062
30063
30064
30065
30066
30067
30068
30069
30071
30072
30074
30075
30076
30077
30078
30079
30080
30081
30082
30083
30084
30085
30086
30087
30088
30090
30091
30092
30093
30094
30095
30096
30097
30098
30099
30101
30102
30106
30107
30111
30114
30115
30122
30126
30127
30132
30133
30134
30135
30141
30142
30144
30146
30148
30151
30152
30154
30156
30157
30160
30168
30169
30177
30180
30187
30188
30189
30213
30214
30215
30228
30236
30237
30238
30250
30252
30253
30260
30265
30268
30269
30270
30272
30273
30274
30277
30281
30284
30287
30288
30290
30291
30294
30296
30297
30298
30301
30302
30303
30304
30305
30306
30307
30308
30309
30310
30311
30312
30313
30314
30315
30316
30317
30318
30319
30320
30321
30322
30324
30325
30326
30327
30328
30329
30331
30332
30333
30334
30336
30337
30338
30339
30340
30341
30342
30343
30344
30345
30346
30348
30349
30350
30353
30354
30355
30356
30357
30358
30359
30360
30361
30362
30363
30364
30366
30368
30369
30370
30371
30374
30375
30377
30378
30380
30384
30385
30388
30392
30394
30396
30398
30501
30502
30503
30504
30506
30507
30515
30517
30518
30519
30534
30542
30548
30564
30566
30567
30575
31106
31107
31119
31126
31131
31136
31139
31141
31144
31145
31146
31150
31156
31169
31192
31193
31195
31196
35010
35011
35072
35082
35089
35136
35149
35150
35151
35183
36023
36024
36026
36045
36078
36080
36092
36251
36255
36256
36267
36276
36850
36853
36861
36862
36866
36879
03820
03821
03822
03830
03851
03852
03866
03867
03868
03869
03872
03878
03887
03901
03902
03903
03906
03907
03908
03909
03910
03911
39901
40004
04001
40013
04002
04003
40037
04004
40047
40048
40049
04005
40051
40052
04006
40060
40062
40063
04007
40107
40108
40109
40110
40111
40115
40117
40118
40121
40122
40129
04013
04014
40140
40142
40144
40145
40146
40150
40155
40159
40160
40162
40165
40166
04017
40175
40176
40177
04019
04020
04021
40229
04024
40266
04027
40272
04028
40281
40282
40283
04029
04030
04038
04039
04042
04043
04046
04047
04048
04049
04050
04054
04056
04061
04062
04063
04064
04070
04071
04072
04073
04074
04076
04077
04078
04082
04083
04084
04085
04087
04090
04091
04092
04093
04094
04095
04096
04097
04098
41001
41005
04101
41011
41012
41014
41015
41016
41017
41018
41019
04102
41021
41022
41025
04103
04104
41042
41048
04105
41051
41059
04106
04107
41071
41072
41073
41074
41075
41076
04108
41080
41085
04109
41091
41099
04110
04112
04116
04122
04123
04124
42301
42302
42303
42304
42320
42322
42327
42328
42334
42338
42343
42347
42348
42350
42351
42352
42354
42355
42356
42361
42364
42366
42368
42369
42370
42371
42372
42374
42376
42377
42378
42402
42419
42420
42451
42452
42455
42456
42458
42701
42702
42712
42713
42716
42724
42726
42732
42740
42748
42754
42755
42757
42764
42765
42776
42782
42784
42788
43804
43840
43962
44201
44203
44210
44211
44216
44217
44221
44222
44223
44224
44230
44232
44240
44242
44243
44250
44260
44262
44265
44266
44270
44272
44273
44274
44276
44278
44281
44282
44285
44301
44302
44303
44304
44305
44306
44307
44308
44309
44310
44311
44312
44313
44314
44315
44316
44317
44319
44320
44321
44325
44326
44328
44333
44334
44372
44396
44398
44401
44411
44412
44423
44427
44449
44493
44601
44606
44607
44608
44609
44610
44612
44613
44614
44615
44617
44618
44619
44620
44621
44622
44624
44625
44626
44627
44629
44630
44632
44633
44634
44636
44639
44640
44641
44643
44644
44645
44646
44647
44648
44650
44651
44652
44653
44654
44656
44657
44659
44660
44662
44663
44665
44666
44667
44669
44670
44671
44672
44675
44677
44678
44680
44681
44682
44683
44685
44687
44688
44689
44690
44691
44695
44697
44701
44702
44703
44704
44705
44706
44707
44708
44709
44710
44711
44714
44718
44720
44721
44730
44735
44750
44767
44799
45001
45002
45003
45004
45005
45011
45012
45013
45014
45015
45018
45030
45033
45034
45036
45039
45040
45041
45042
45044
45050
45051
45052
45053
45054
45055
45056
45061
45062
45063
45064
45065
45066
45067
45068
45069
45070
45071
45102
45103
45111
45122
45140
45147
45150
45152
45158
45160
45162
45174
45201
45202
45203
45204
45205
45206
45207
45208
45209
45211
45212
45213
45214
45215
45216
45217
45218
45219
45220
45221
45222
45223
45224
45225
45226
45227
45229
45230
45231
45232
45233
45234
45235
45236
45237
45238
45239
45240
45241
45242
45243
45244
45245
45246
45247
45248
45249
45250
45251
45252
45253
45254
45255
45258
45262
45263
45264
45267
45268
45269
45270
45271
45273
45274
45275
45277
45280
45296
45298
45299
45311
45320
45325
45327
45330
45342
45343
45345
45381
45441
45448
45449
45458
45459
45470
45475
45999
46001
46011
46012
46013
46014
46015
46016
46017
46018
46030
46031
46032
46033
46034
46036
46037
46038
46040
46044
46045
46047
46048
46049
46051
46055
46056
46060
46061
46062
46063
46064
46068
46069
46070
46072
46074
46076
46082
46085
46115
46117
46129
46140
46148
46154
46155
46163
46186
46205
46216
46218
46219
46220
46226
46229
46230
46235
46236
46240
46249
46250
46256
46260
46280
46290
46291
46298
46928
46930
46933
46936
46937
46938
46953
46957
46965
46986
46989
47001
47003
47010
47012
47016
47022
47025
47035
47041
47060
47117
47135
47302
47303
47304
47305
47306
47307
47308
47320
47334
47337
47338
47342
47344
47351
47352
47353
47354
47356
47360
47361
47362
47367
47368
47383
47384
47385
47386
47388
47396
47520
47523
47531
47536
47537
47550
47552
47556
47579
47586
47588
47601
47610
47611
47615
47617
47629
47630
47634
47635
47637
47713
47714
47715
47716
47722
47728
47750
48003
48114
48116
48165
48302
48306
48309
48320
48321
48322
48323
48324
48326
48327
48328
48329
48330
48340
48341
48342
48343
48346
48347
48348
48350
48353
48356
48357
48359
48360
48361
48362
48363
48366
48367
48370
48371
48377
48380
48381
48382
48383
48386
48387
48390
48391
48393
48411
48412
48414
48415
48417
48418
48420
48421
48423
48428
48429
48430
48433
48435
48436
48437
48438
48439
48440
48442
48444
48446
48449
48451
48455
48457
48458
48460
48461
48462
48463
48464
48473
48476
48480
48501
48502
48503
48504
48505
48506
48507
48509
48519
48529
48531
48532
48550
48551
48552
48553
48554
48555
48556
48557
48734
48746
48787
48816
48817
48836
48843
48844
48855
48857
48867
51230
51240
51241
51242
51246
56116
56138
56144
56146
56156
56173
57003
57005
57012
57013
57015
57016
57018
57020
57021
57022
57027
57030
57032
57033
57035
57036
57039
57041
57043
57047
57048
57053
57055
57064
57065
57068
57077
57101
57103
57104
57105
57106
57107
57108
57109
57110
57117
57118
57186
57193
57197
57198
62001
62002
62010
62012
62013
62018
62021
62022
62024
62025
62026
62028
62034
62035
62036
62037
62040
62046
62048
62058
62059
62060
62061
62062
62067
62071
62084
62087
62090
62095
62097
62201
62202
62203
62204
62205
62206
62207
62208
62214
62215
62216
62217
62218
62220
62221
62222
62223
62225
62226
62230
62232
62234
62236
62239
62240
62243
62244
62245
62248
62249
62254
62255
62256
62257
62258
62260
62264
62265
62266
62269
62271
62273
62275
62278
62281
62282
62285
62289
62293
62294
62295
62298
63005
63006
63010
63011
63012
63016
63017
63019
63021
63022
63024
63025
63026
63031
63032
63033
63034
63038
63040
63042
63043
63044
63045
63048
63049
63050
63051
63052
63053
63057
63065
63069
63070
63073
63074
63088
63099
63101
63102
63103
63104
63105
63106
63107
63108
63109
63110
63111
63112
63113
63114
63115
63116
63117
63118
63119
63120
63121
63122
63123
63124
63125
63126
63127
63128
63129
63130
63131
63132
63133
63134
63135
63136
63137
63138
63139
63140
63141
63143
63144
63145
63146
63147
63150
63151
63155
63156
63157
63158
63160
63163
63164
63166
63167
63169
63171
63177
63178
63179
63180
63182
63188
63195
63197
63199
63301
63302
63303
63304
63338
63366
63368
63373
63376
63386
06807
06820
06830
06831
06836
06840
06850
06851
06852
06853
06854
06855
06856
06857
06858
06860
06870
06878
06901
06902
06903
06904
06905
06906
06907
06910
06911
06912
06913
06914
06920
06921
06922
06926
06927
07001
07002
07003
07004
07005
07006
07007
07008
07009
07010
07011
07012
07013
07014
07015
07016
07017
07018
07019
07020
07021
07022
07023
07024
07026
07027
07028
07029
07030
07031
07032
07033
07034
07035
07036
07039
07040
07041
07042
07043
07044
07045
07046
07047
07050
07051
07052
07054
07055
07057
07058
07059
07060
07061
07062
07063
07064
07065
07066
07067
07068
07069
07070
07071
07072
07073
07074
07075
07076
07077
07078
07079
07080
07081
07082
07083
07086
07087
07088
07090
07091
07092
07093
07094
07095
07096
07097
07099
07101
07102
07103
07104
07105
07106
07107
07108
07109
07110
07111
07112
07114
07175
07184
07188
07189
07191
07192
07193
07195
07198
07199
07201
07202
07203
07204
07205
07206
07207
07208
07302
07303
07304
07305
07306
07307
07308
07310
07311
07395
07399
07401
07403
07405
07407
07410
07417
07420
07423
07424
07430
07432
07436
07440
07442
07444
07446
07450
07451
07452
07456
07457
07458
07463
07465
07470
07474
07481
07495
75001
75002
75006
75007
75009
07501
75010
75011
75013
75014
75015
75016
75017
75019
07502
75022
75023
75024
75025
75026
75027
75028
75029
07503
75030
75032
75033
75034
75035
75038
75039
07504
75040
75041
75042
75043
75044
75045
75046
75047
75048
75049
07505
75050
75051
75052
75053
75054
75056
75057
75058
07506
75060
75061
75062
75063
75065
75067
75068
75069
07507
75070
75071
75074
75075
75077
75078
07508
75080
75081
75082
75083
75085
75086
75087
75088
75089
07509
75093
75094
75097
75098
75099
07510
75104
75106
07511
75116
07512
75121
07513
75132
75135
75137
75138
07514
75149
75150
75164
75166
75173
75182
75185
75187
75189
75201
75202
75204
75205
75206
75207
75209
75210
75211
75212
75214
75218
75219
07522
75220
75221
75223
75225
75226
75227
75228
75229
75230
75231
75233
75234
75235
75236
75238
07524
75240
75243
75244
75246
75247
75248
75249
75250
75251
75252
75254
75261
75270
75275
75287
75301
75313
07533
75354
75355
75356
75357
75358
75359
75360
75367
75368
75371
75372
75374
75378
75379
07538
75380
75381
75382
75389
75390
75391
75393
75394
75395
75401
75403
75404
75407
75409
75423
75424
07543
07544
75442
75452
75454
75458
75459
75475
75485
75489
75490
75491
75495
76001
76002
76003
76004
76005
76006
76007
76008
76009
07601
76010
76011
76012
76013
76014
76015
76016
76017
76018
76019
07602
76020
76021
76022
76023
76028
07603
76031
76033
76034
76035
76036
76039
07604
76040
76044
76049
07605
76051
76052
76053
76054
76058
76059
07606
76060
76061
76063
76065
07607
76071
76078
07608
76082
76084
76085
76086
76087
76092
76094
76095
76096
76097
76098
76099
76101
76102
76103
76104
76105
76106
76107
76108
76109
76110
76111
76112
76113
76114
76115
76116
76117
76118
76119
76120
76121
76122
76123
76124
76126
76127
76129
76130
76131
76132
76133
76134
76135
76136
76137
76140
76147
76148
76150
76155
76161
76162
76163
76164
76166
76177
76179
76180
76181
76182
76185
76190
76191
76192
76193
76195
76196
76197
76198
76199
07620
76205
76208
76209
07621
76210
76226
76227
07624
76244
76247
76248
76258
07626
76262
07627
76271
07628
07630
07631
07632
07640
07641
07642
07643
07644
07645
07646
07647
07648
76485
07649
07650
07652
07653
07656
07657
07660
07661
07662
07663
07666
07670
07675
07676
07677
07699
77001
77002
77003
77004
77005
77006
77007
77008
77009
07701
77010
77011
77012
77013
77014
77015
77016
77017
77018
77019
07702
77020
77021
77022
77023
77024
77025
77026
77027
77028
77029
77030
77031
77032
77033
77034
77035
77036
77037
77038
77039
07704
77040
77041
77042
77043
77044
77045
77046
77047
77048
77049
77050
77051
77052
77053
77054
77055
77056
77057
77058
77059
77060
77061
77062
77063
77064
77065
77066
77067
77068
77069
77070
77071
77072
77073
77074
77075
77076
77077
77078
77079
77080
77081
77082
77083
77084
77085
77086
77087
77088
77089
77090
77091
77092
77093
77094
77095
77096
77098
77099
07716
07718
77201
77202
77203
77204
77205
77206
77207
77208
77209
07721
77210
77212
77213
77215
77216
77217
77218
77219
77220
77221
77222
77223
77224
77225
77226
77227
77228
77229
77230
77231
77233
77234
77235
77236
77237
77238
77240
77241
77242
77243
77244
77245
77248
77249
77251
77252
77253
77254
77255
77256
77257
77258
77259
77261
77262
77263
77265
77266
77267
77268
77269
77270
77271
77272
77273
77274
77275
77277
77279
77280
77282
77284
77287
77288
77289
77290
77291
77292
77293
77297
77299
07730
77315
07732
77325
07733
77337
77338
77339
07734
77345
77346
77347
07735
77365
07737
77373
77375
77377
77379
07738
77383
77386
77388
77389
07739
77391
77396
77401
77402
77406
77407
77410
77411
77413
77423
77429
77433
77441
77449
77450
77459
77466
77469
07747
77471
77476
77477
77478
77479
07748
77481
77487
77489
77491
77492
77493
77494
77496
77497
77498
07750
77501
77502
77503
77504
77505
77506
77507
77508
77511
77512
77517
77518
07752
77520
77521
77522
77530
77532
77536
77539
77545
77546
77547
77549
77562
77565
07757
77571
77572
77573
77574
77578
07758
77581
77583
77584
77586
77587
77588
77598
07760
07834
07878
07901
07902
07922
07927
07928
07932
07933
07935
07936
07940
07946
07950
07960
07961
07962
07963
07974
07976
07980
07981
07999
80001
80002
80003
80004
80005
80006
80007
80010
80011
80012
80013
80014
80015
80016
80017
80018
80019
08002
80020
80021
80022
80023
80024
80025
80026
80027
08003
80030
80031
80033
80034
80035
80036
80037
80038
08004
80040
80041
80042
80044
80045
80046
80047
08007
08009
08010
80102
80104
80108
80109
08011
80110
80111
80112
80113
08012
80120
80121
80122
80123
80124
80125
80126
80127
80128
80129
80130
80131
80134
80135
80137
80138
08014
80150
80151
80155
08016
80160
80161
80162
80163
80165
80166
08018
08020
80201
80202
80203
80204
80205
80206
80207
80208
80209
08021
80210
80211
80212
80214
80215
80216
80217
80218
80219
80220
80221
80222
80223
80224
80225
80226
80227
80228
80229
08023
80230
80231
80232
80233
80234
80235
80236
80237
80238
80239
80241
80243
80244
80246
80247
80248
80249
08025
80250
80251
80252
80256
80257
80259
08026
80260
80261
80262
80263
80264
80265
80266
08027
80271
80273
80274
08028
80281
08029
80290
80291
80293
80294
80299
08030
80301
80302
80303
80304
80305
80306
80307
80308
80309
08031
80310
80314
08032
08033
08034
08035
08036
08039
80401
80402
80403
80419
80422
80425
80427
08043
80433
80437
80439
08045
80453
80454
80457
08046
80465
80470
80471
08048
08049
80504
08051
80514
80516
08052
80520
08053
80530
08054
08055
08056
08057
08059
08060
80601
80602
80603
08061
80614
08062
80621
08063
80640
80642
08065
08066
08067
08069
08070
08071
08073
08074
08075
08076
08077
08078
08080
08081
08083
08084
08085
08086
08089
08090
08091
08093
08094
08096
08097
08098
08099
08101
08102
08103
08104
08105
08106
08107
08108
08109
08110
08312
08322
08343
08518
08554
08812
08817
08818
08820
08830
08832
08837
08840
08846
08854
08855
08859
08861
08862
08863
08871
08872
08879
08882
08899
08904
08906
08933
08989
90001
90002
90003
90007
90011
90012
90013
90014
90015
90017
90021
90022
90023
90030
90031
90032
90033
90037
90040
90042
90043
90044
90047
90050
90051
90052
90053
90054
90055
90057
90058
90059
90060
90061
90062
90063
90071
90074
90079
90081
90082
90084
90086
90087
90088
90089
90090
90091
90096
90099
90201
90202
90220
90221
90222
90223
90224
90239
90240
90241
90242
90247
90248
90249
90250
90251
90255
90260
90261
90262
90270
90274
90275
90277
90278
90280
90301
90303
90304
90305
90306
90307
90308
90310
90501
90502
90503
90504
90505
90506
90507
90508
90509
90510
90601
90602
90603
90604
90605
90606
90607
90608
90609
90610
90620
90621
90622
90623
90624
90630
90631
90632
90633
90637
90638
90639
90640
90650
90651
90652
90660
90661
90662
90670
90671
90680
90701
90702
90703
90706
90707
90710
90711
90712
90713
90714
90715
90716
90717
90720
90721
90723
90731
90732
90733
90734
90740
90742
90743
90744
90745
90746
90747
90748
90749
90755
90801
90802
90803
90804
90805
90806
90807
90808
90809
90810
90813
90814
90815
90822
90831
90832
90833
90834
90835
90840
90842
90844
90846
90847
90848
90853
90895
90899
91006
91007
91008
91009
91010
91016
91017
91024
91025
91030
91031
91066
91077
91101
91105
91106
91107
91108
91115
91116
91117
91118
91121
91123
91124
91125
91126
91129
91182
91184
91185
91188
91189
91199
91701
91702
91706
91708
91709
91710
91711
91714
91715
91716
91722
91723
91724
91729
91730
91731
91732
91733
91734
91735
91740
91741
91743
91744
91745
91746
91747
91748
91749
91750
91752
91754
91755
91756
91758
91761
91762
91763
91764
91765
91766
91767
91768
91769
91770
91771
91772
91773
91775
91776
91778
91780
91784
91785
91786
91788
91789
91790
91791
91792
91793
91801
91802
91803
91804
91896
91899
91901
91902
91903
91908
91909
91910
91911
91912
91913
91914
91915
91917
91921
91932
91933
91935
91941
91942
91943
91944
91945
91946
91950
91951
91963
91976
91977
91978
91979
91980
91987
92007
92014
92019
92020
92021
92022
92037
92038
92039
92040
92064
92065
92067
92071
92072
92074
92075
92091
92092
92093
92101
92102
92103
92104
92105
92106
92107
92108
92109
92110
92111
92112
92113
92114
92115
92116
92117
92118
92119
92120
92121
92122
92123
92124
92126
92127
92128
92129
92130
92131
92132
92134
92135
92136
92137
92138
92139
92140
92142
92143
92145
92147
92149
92150
92152
92153
92154
92155
92158
92159
92160
92161
92163
92165
92166
92167
92168
92169
92170
92171
92172
92173
92174
92175
92176
92177
92178
92179
92182
92186
92187
92190
92191
92192
92193
92195
92196
92197
92198
92199
92337
92503
92504
92505
92509
92513
92514
92515
92602
92603
92604
92605
92606
92607
92609
92610
92612
92614
92615
92616
92617
92618
92619
92620
92623
92624
92625
92626
92627
92628
92629
92630
92637
92646
92647
92648
92649
92650
92651
92652
92653
92654
92655
92656
92657
92658
92659
92660
92661
92662
92663
92672
92673
92674
92675
92676
92677
92678
92679
92683
92684
92685
92688
92690
92691
92692
92693
92694
92697
92698
92701
92702
92703
92704
92705
92706
92707
92708
92711
92712
92728
92735
92780
92781
92782
92799
92801
92802
92803
92804
92805
92806
92807
92808
92809
92811
92812
92814
92815
92816
92817
92821
92822
92823
92825
92831
92832
92833
92834
92835
92836
92837
92838
92840
92841
92842
92843
92844
92845
92846
92850
92856
92857
92859
92860
92861
92862
92863
92864
92865
92866
92867
92868
92869
92870
92871
92877
92878
92879
92880
92881
92882
92883
92885
92886
92887
92899
94505
94509
94511
94513
94514
94531
94548
94561
94571
95201
95202
95203
95204
95205
95206
95207
95208
95209
95210
95211
95212
95213
95215
95219
95220
95225
95226
95227
95230
95231
95234
95236
95237
95240
95241
95242
95252
95253
95254
95258
95267
95269
95296
95297
95304
95320
95330
95336
95337
95350
95352
95356
95366
95367
95368
95376
95377
95378
95385
95391
95397
95615
95624
95632
95638
95639
95640
95641
95680
95686
95690
95693
95757
95758
95759
98001
98002
98003
98004
98005
98006
98007
98008
98009
98010
98013
98015
98022
98023
98025
98027
98029
98030
98031
98032
98035
98038
98039
98040
98042
98047
98050
98051
98055
98056
98057
98058
98059
98062
98063
98064
98070
98071
98075
98089
98092
98093
98101
98102
98104
98106
98108
98109
98111
98112
98114
98116
98118
98121
98122
98124
98126
98129
98131
98132
98134
98136
98138
98141
98144
98146
98148
98154
98158
98161
98164
98166
98168
98170
98174
98178
98181
98188
98189
98190
98191
98194
98198
98303
98321
98322
98323
98327
98328
98329
98332
98333
98335
98338
98344
98348
98349
98351
98352
98353
98354
98359
98360
98366
98367
98371
98372
98373
98374
98375
98378
98384
98385
98386
98387
98388
98390
98391
98394
98395
98396
98401
98402
98403
98404
98405
98406
98407
98408
98409
98411
98412
98413
98415
98416
98417
98418
98419
98421
98422
98424
98430
98431
98433
98438
98439
98443
98444
98445
98446
98447
98448
98464
98465
98466
98467
98471
98481
98490
98493
98496
98497
98498
98499
98503
98506
98509
98513
98516
98524
98558
98576
98580
98597