06807
06830
06831
06836
06870
06878
06901
06902
06904
06910
06911
06912
06913
06914
06920
06921
06926
07001
07002
07003
07004
07005
07006
07007
07008
07009
07010
07011
07012
07013
07014
07015
07016
07017
07018
07019
07020
07021
07022
07023
07024
07026
07027
07028
07029
07030
07031
07032
07033
07034
07035
07036
07039
07040
07041
07042
07043
07044
07045
07046
07047
07050
07051
07052
07054
07055
07057
07058
07059
07060
07061
07062
07063
07064
07065
07066
07067
07068
07069
07070
07071
07072
07073
07074
07075
07076
07077
07078
07079
07080
07081
07082
07083
07086
07087
07088
07090
07091
07092
07093
07094
07095
07096
07097
07099
07101
07102
07103
07104
07105
07106
07107
07108
07109
07110
07111
07112
07114
07175
07184
07188
07189
07191
07192
07193
07195
07198
07199
07201
07202
07203
07204
07205
07206
07207
07208
07302
07303
07304
07305
07306
07307
07308
07310
07311
07395
07399
07401
07403
07405
07407
07410
07417
07420
07423
07424
07430
07432
07436
07440
07442
07444
07446
07450
07451
07452
07456
07457
07458
07463
07465
07470
07474
07481
07495
07501
07502
07503
07504
07505
07506
07507
07508
07509
07510
07511
07512
07513
07514
07522
07524
07533
07538
07543
07544
07601
07602
07603
07604
07605
07606
07607
07608
07620
07621
07624
07626
07627
07628
07630
07631
07632
07640
07641
07642
07643
07644
07645
07646
07647
07648
07649
07650
07652
07653
07656
07657
07660
07661
07662
07663
07666
07670
07675
07676
07677
07699
07701
07702
07703
07704
07710
07711
07712
07716
07718
07721
07722
07723
07724
07726
07727
07728
07730
07731
07732
07733
07734
07735
07737
07738
07739
07740
07746
07747
07748
07750
07751
07752
07753
07754
07755
07756
07757
07758
07760
07763
07764
07765
07799
07801
07802
07803
07830
07834
07836
07845
07847
07852
07853
07866
07869
07870
07876
07878
07885
07901
07902
07920
07921
07922
07924
07926
07927
07928
07930
07931
07932
07933
07934
07935
07936
07938
07939
07940
07945
07946
07950
07960
07961
07962
07963
07970
07974
07976
07977
07978
07979
07980
07981
07999
08501
08502
08504
08505
08510
08512
08514
08515
08520
08525
08526
08527
08528
08530
08533
08534
08535
08536
08540
08541
08542
08543
08544
08550
08551
08553
08555
08557
08558
08559
08560
08561
08601
08602
08603
08604
08605
08606
08607
08608
08609
08610
08611
08618
08619
08620
08625
08628
08629
08638
08644
08645
08646
08647
08648
08650
08666
08690
08691
08695
08801
08805
08807
08809
08810
08812
08816
08817
08818
08820
08821
08822
08823
08824
08826
08828
08829
08830
08831
08832
08833
08835
08836
08837
08840
08844
08846
08850
08852
08853
08854
08855
08857
08858
08859
08861
08862
08863
08867
08868
08869
08870
08871
08872
08873
08875
08876
08879
08880
08882
08884
08885
08887
08888
08889
08890
08899
08901
08902
08903
08904
08906
08933
08989
10001
10002
10003
10004
10005
10006
10007
10008
10009
10010
10011
10012
10013
10014
10016
10017
10018
10019
10020
10021
10022
10023
10024
10025
10026
10027
10028
10029
10030
10031
10032
10033
10034
10035
10036
10037
10038
10039
10040
10041
10043
10044
10045
10055
10060
10065
10069
10075
10080
10081
10087
10090
10101
10102
10103
10104
10105
10106
10107
10108
10109
10110
10111
10112
10113
10114
10115
10116
10117
10118
10119
10120
10121
10122
10123
10124
10125
10126
10128
10129
10130
10131
10132
10133
10138
10150
10151
10152
10153
10154
10155
10156
10157
10158
10159
10160
10161
10162
10163
10164
10165
10166
10167
10168
10169
10170
10171
10172
10173
10174
10175
10176
10177
10178
10179
10185
10199
10203
10211
10212
10213
10242
10249
10256
10257
10258
10259
10260
10261
10265
10268
10269
10270
10271
10272
10273
10274
10275
10276
10277
10278
10279
10280
10281
10282
10285
10286
10292
10301
10302
10303
10304
10305
10306
10307
10308
10309
10310
10311
10312
10313
10314
10451
10452
10453
10454
10455
10456
10457
10458
10459
10460
10461
10462
10463
10464
10465
10466
10467
10468
10469
10470
10471
10472
10473
10474
10475
10502
10503
10504
10510
10514
10522
10523
10528
10530
10532
10533
10538
10543
10545
10550
10551
10552
10553
10562
10570
10573
10577
10580
10583
10591
10594
10595
10601
10602
10603
10604
10605
10606
10607
10610
10701
10702
10703
10704
10705
10706
10707
10708
10709
10710
10801
10802
10803
10804
10805
10901
10913
10920
10931
10952
10954
10956
10960
10962
10964
10965
10968
10976
10977
10982
10983
10989
10994
11001
11002
11003
11004
11005
11010
11020
11021
11022
11023
11024
11026
11027
11030
11040
11042
11050
11051
11052
11053
11054
11055
11096
11101
11102
11103
11104
11105
11106
11109
11120
11201
11202
11203
11204
11205
11206
11207
11208
11209
11210
11211
11212
11213
11214
11215
11216
11217
11218
11219
11220
11221
11222
11223
11224
11225
11226
11228
11229
11230
11231
11232
11233
11234
11235
11236
11237
11238
11239
11241
11242
11243
11245
11247
11249
11251
11252
11256
11351
11352
11354
11355
11356
11357
11358
11359
11360
11361
11362
11363
11364
11365
11366
11367
11368
11369
11370
11371
11372
11373
11374
11375
11377
11378
11379
11380
11381
11385
11386
11405
11411
11412
11413
11414
11415
11416
11417
11418
11419
11420
11421
11422
11423
11424
11425
11426
11427
11428
11429
11430
11431
11432
11433
11434
11435
11436
11439
11451
11499
11501
11507
11509
11510
11514
11516
11518
11520
11530
11531
11542
11545
11547
11548
11549
11550
11551
11552
11553
11554
11555
11556
11557
11558
11559
11560
11561
11563
11565
11566
11568
11569
11570
11571
11572
11575
11576
11577
11579
11580
11581
11582
11590
11596
11598
11599
11690
11691
11692
11693
11694
11695
11697
11701
11709
11710
11714
11724
11732
11735
11737
11747
11753
11756
11758
11762
11765
11771
11773
11775
11783
11791
11793
11797
11801
11802
11803
11804
11815
11819
11853
11854
18977
19067
21009
21010
21013
21018
21027
21040
21047
21051
21057
21082
21085
21087
21092
21128
21139
21156
21162
21206
21213
21214
21220
21221
21222
21234
21236
21237
21239
21251
21252
21285
21286
31701
31702
31703
31704
31705
31706
31707
31708
31716
31721
31730
31735
31743
31744
31763
31764
31772
31781
31782
31784
31787
31789
31791
31796
31801
31804
31805
31807
31808
31810
31811
31814
31820
31821
31822
31823
31826
31827
31829
31831
31833
31901
31902
31903
31904
31905
31906
31907
31908
31909
31914
31917
31993
31995
31997
31998
31999
33002
33004
33008
33009
33010
33011
33012
33013
33014
33015
33016
33017
33018
33019
33020
33021
33022
33023
33024
33025
33026
33027
33028
33029
33030
33031
33032
33033
33034
33035
33039
33054
33055
33056
33081
33082
33083
33084
33090
33092
33101
33102
33106
33109
33111
33112
33114
33116
33119
33122
33124
33125
33126
33127
33128
33129
33130
33131
33132
33133
33134
33135
33136
33137
33138
33139
33140
33141
33142
33143
33144
33145
33146
33147
33149
33150
33151
33152
33153
33154
33155
33156
33157
33158
33160
33161
33162
33163
33164
33165
33166
33167
33168
33169
33170
33172
33173
33174
33175
33176
33177
33178
33179
33180
33181
33182
33183
33184
33185
33186
33187
33188
33189
33190
33193
33194
33195
33196
33197
33199
33206
33222
33231
33233
33234
33238
33239
33242
33243
33245
33247
33255
33256
33257
33261
33265
33266
33269
33280
33283
33296
33299
33312
33314
33315
33316
33317
33318
33322
33323
33324
33325
33326
33327
33328
33329
33330
33331
33332
33337
33338
33346
33355
33388
36801
36802
36803
36804
36830
36831
36851
36852
36854
36856
36858
36859
36863
36865
36867
36868
36869
36870
36871
36872
36874
36875
36877
39826
39842
39862
39866
39870
39877
39885
39886
41001
41005
41007
41011
41012
41014
41015
41016
41017
41018
41019
41021
41022
41025
41030
41033
41042
41048
41051
41053
41059
41063
41071
41072
41073
41074
41075
41076
41080
41085
41091
41092
41094
41099
45001
45002
45030
45033
45041
45051
45052
45102
45111
45147
45150
45157
45174
45201
45202
45203
45204
45205
45206
45207
45208
45209
45211
45212
45213
45214
45215
45216
45217
45218
45219
45220
45221
45222
45223
45224
45225
45226
45227
45229
45230
45231
45232
45233
45234
45236
45237
45238
45239
45240
45241
45242
45243
45244
45245
45246
45247
45248
45250
45251
45252
45253
45254
45255
45258
45262
45263
45264
45267
45268
45269
45270
45271
45273
45274
45275
45277
45280
45296
45298
45299
45999
46311
46312
46319
46320
46321
46322
46323
46324
46325
46327
46375
46394
46401
46402
46403
46404
46406
46407
46408
46409
47025
47038
47040
60004
60005
60006
60007
60008
60009
60011
60015
60016
60017
60018
60019
60022
60025
60026
60029
60035
60037
60038
60040
60043
60044
60045
60047
60053
60055
60056
60061
60062
60065
60067
60068
60069
60070
60074
60076
60077
60078
60082
60089
60090
60091
60093
60094
60095
60101
60103
60104
60105
60106
60107
60108
60116
60117
60122
60126
60128
60130
60131
60132
60133
60137
60138
60139
60141
60143
60148
60153
60154
60155
60157
60159
60160
60161
60162
60163
60164
60165
60168
60169
60171
60172
60173
60176
60181
60184
60185
60186
60187
60188
60189
60190
60191
60192
60193
60194
60195
60196
60197
60199
60201
60202
60203
60204
60208
60209
60290
60301
60302
60303
60304
60305
60399
60402
60406
60409
60411
60412
60415
60419
60422
60423
60425
60426
60428
60429
60430
60438
60439
60440
60441
60443
60445
60446
60448
60451
60452
60453
60454
60455
60456
60457
60458
60459
60461
60462
60463
60464
60465
60466
60467
60469
60471
60472
60473
60475
60476
60477
60478
60480
60482
60487
60490
60491
60499
60501
60513
60514
60515
60516
60517
60519
60521
60522
60523
60525
60526
60527
60532
60534
60540
60546
60555
60558
60559
60561
60563
60564
60565
60566
60567
60569
60572
60598
60599
60601
60602
60603
60604
60605
60606
60607
60608
60609
60610
60611
60612
60613
60614
60615
60616
60617
60618
60619
60620
60621
60622
60623
60624
60625
60626
60628
60629
60630
60631
60632
60633
60634
60636
60637
60638
60639
60640
60641
60642
60643
60644
60645
60646
60647
60649
60651
60652
60653
60654
60655
60656
60657
60659
60660
60661
60664
60666
60668
60669
60670
60673
60674
60675
60677
60678
60680
60681
60682
60684
60685
60686
60687
60688
60689
60690
60691
60693
60694
60695
60696
60697
60699
60701
60706
60707
60712
60714
60803
60804
60805
60827
62001
62002
62010
62018
62021
62024
62025
62026
62034
62035
62040
62046
62048
62058
62059
62060
62061
62062
62067
62071
62074
62084
62087
62088
62090
62095
62097
62201
62202
62203
62204
62205
62206
62207
62208
62214
62215
62216
62217
62218
62219
62220
62221
62222
62223
62225
62226
62230
62232
62234
62236
62239
62240
62243
62245
62248
62249
62254
62255
62257
62258
62260
62264
62265
62266
62269
62271
62273
62275
62278
62281
62282
62285
62289
62292
62293
62294
62295
62298
63010
63031
63032
63033
63034
63042
63043
63044
63053
63074
63101
63102
63103
63104
63105
63106
63107
63108
63109
63110
63111
63112
63113
63114
63115
63116
63117
63118
63119
63120
63121
63122
63123
63124
63125
63126
63127
63128
63129
63130
63131
63132
63133
63134
63135
63136
63137
63138
63139
63140
63141
63143
63144
63145
63146
63147
63150
63151
63155
63156
63157
63158
63160
63163
63164
63166
63167
63169
63171
63177
63178
63179
63180
63182
63188
63195
63197
63199
63386
71004
71006
71007
71009
71023
71027
71029
71030
71032
71033
71037
71039
71046
71047
71050
71051
71052
71058
71060
71061
71067
71068
71073
71078
71101
71102
71103
71104
71105
71106
71107
71108
71109
71110
71111
71112
71113
71115
71118
71119
71120
71129
71130
71133
71134
71135
71136
71137
71138
71148
71149
71150
71151
71152
71153
71154
71156
71161
71162
71163
71164
71165
71166
71171
71172
75639
75642
75659
75661
75685
75688
75692
78002
78003
78004
78006
78009
78010
78012
78013
78015
78016
78023
78027
78039
78050
78052
78054
78056
78059
78063
78065
78066
78069
78070
78073
78074
78101
78108
78109
78112
78121
78124
78132
78133
78148
78150
78152
78154
78163
78201
78202
78203
78204
78205
78206
78207
78208
78209
78210
78211
78212
78213
78214
78215
78216
78217
78218
78219
78220
78221
78222
78223
78224
78225
78226
78227
78228
78229
78230
78231
78232
78233
78234
78235
78236
78237
78238
78239
78240
78241
78242
78243
78244
78245
78246
78247
78248
78249
78250
78251
78252
78253
78254
78255
78256
78257
78258
78259
78260
78261
78263
78264
78265
78266
78268
78269
78270
78278
78279
78280
78283
78284
78285
78288
78289
78291
78292
78293
78294
78295
78296
78297
78298
78299
78606
78671
78861
80001
80002
80003
80004
80005
80006
80007
80010
80011
80012
80013
80014
80015
80016
80017
80018
80019
80020
80021
80022
80023
80024
80025
80026
80027
80030
80031
80033
80034
80035
80036
80037
80038
80040
80041
80042
80044
80045
80046
80047
80102
80104
80107
80108
80109
80110
80111
80112
80113
80116
80117
80118
80120
80121
80122
80123
80124
80125
80126
80127
80128
80129
80130
80131
80134
80135
80137
80138
80150
80151
80155
80160
80161
80162
80163
80165
80166
80201
80202
80203
80204
80205
80206
80207
80208
80209
80210
80211
80212
80214
80215
80216
80217
80218
80219
80220
80221
80222
80223
80224
80225
80226
80227
80228
80229
80230
80231
80232
80233
80234
80235
80236
80237
80238
80239
80241
80243
80244
80246
80247
80248
80249
80250
80251
80252
80256
80257
80259
80260
80261
80262
80263
80264
80265
80266
80271
80273
80274
80281
80290
80291
80293
80294
80299
80301
80302
80303
80304
80305
80306
80307
80308
80309
80310
80314
80401
80402
80403
80419
80422
80425
80433
80437
80439
80453
80454
80457
80465
80470
80471
80514
80516
80520
80530
80601
80602
80603
80614
80621
80640
80642
83232
83237
83263
83286
83287
84028
84038
84301
84302
84304
84305
84306
84307
84308
84309
84311
84312
84314
84318
84319
84320
84321
84322
84323
84324
84325
84326
84327
84328
84330
84331
84332
84333
84334
84335
84337
84338
84339
84340
84341
92602
92603
92604
92606
92607
92609
92610
92612
92614
92616
92617
92618
92619
92620
92623
92624
92625
92626
92627
92629
92630
92637
92650
92651
92652
92653
92654
92656
92657
92658
92659
92660
92661
92662
92663
92672
92673
92674
92675
92676
92677
92678
92679
92688
92690
92691
92692
92693
92694
92697
92698
92701
92705
92707
92711
92735
92780
92781
92782
92862
92869
94002
94005
94010
94011
94014
94015
94016
94017
94018
94019
94020
94021
94022
94023
94024
94025
94026
94027
94028
94030
94035
94037
94038
94039
94040
94041
94042
94043
94044
94060
94061
94062
94063
94064
94065
94066
94070
94074
94080
94083
94085
94086
94087
94088
94089
94102
94103
94104
94105
94107
94108
94109
94110
94111
94112
94114
94115
94116
94117
94118
94119
94120
94121
94122
94123
94124
94125
94126
94127
94128
94129
94130
94131
94132
94133
94134
94137
94139
94140
94141
94142
94143
94144
94145
94146
94147
94151
94158
94159
94160
94161
94163
94164
94172
94177
94188
94301
94302
94303
94304
94305
94306
94309
94401
94402
94403
94404
94497
94501
94502
94506
94507
94516
94526
94528
94536
94537
94538
94539
94540
94541
94542
94543
94544
94545
94546
94549
94550
94551
94552
94555
94556
94557
94560
94563
94566
94568
94570
94575
94577
94578
94579
94580
94582
94583
94586
94587
94588
94595
94596
94601
94602
94603
94604
94605
94606
94607
94608
94609
94610
94611
94612
94613
94614
94615
94617
94618
94619
94620
94621
94622
94623
94624
94649
94659
94660
94661
94662
94666
94701
94702
94703
94704
94705
94706
94707
94708
94709
94710
94712
94720
94850
95002
95005
95006
95007
95008
95009
95011
95014
95015
95017
95026
95030
95031
95032
95033
95035
95036
95044
95050
95051
95052
95053
95054
95055
95056
95070
95071
95101
95103
95106
95108
95109
95110
95111
95112
95113
95115
95116
95117
95118
95119
95120
95121
95122
95123
95124
95125
95126
95127
95128
95129
95130
95131
95132
95133
95134
95135
95136
95138
95140
95148
95150
95151
95152
95153
95154
95155
95156
95157
95158
95159
95160
95161
95164
95170
95172
95173
95190
95191
95192
95193
95194
95196
97501
97502
97503
97504
97520
97522
97524
97525
97526
97527
97528
97530
97533
97535
97537
97539
97540
97541
97544
98220
98221
98222
98225
98226
98227
98228
98229
98230
98231
98232
98233
98235
98238
98240
98243
98244
98245
98247
98248
98255
98257
98261
98262
98263
98264
98266
98273
98274
98276
98278
98279
98280
98284
98286
98295
98297