77002
77003
77004
77005
77006
77007
77008
77009
77010
77011
77012
77013
77014
77015
77016
77017
77018
77019
77020
77021
77022
77023
77024
77025
77026
77027
77028
77029
77030
77031
77032
77033
77034
77035
77036
77037
77038
77039
77040
77041
77042
77043
77044
77045
77046
77047
77048
77049
77050
77051
77053
77054
77055
77056
77057
77058
77059
77060
77061
77062
77063
77064
77065
77066
77067
77068
77069
77070
77071
77072
77073
77074
77075
77076
77077
77078
77079
77080
77081
77082
77083
77084
77085
77086
77087
77088
77089
77090
77091
77092
77093
77094
77095
77096
77098
77099
77301
77302
77303
77304
77306
77316
77318
77320
77327
77331
77333
77334
77335
77336
77338
77339
77340
77341
77345
77346
77354
77355
77356
77357
77358
77359
77362
77363
77364
77365
77367
77371
77372
77373
77375
77378
77379
77380
77381
77382
77384
77385
77386
77388
77389
77396
77401
77412
77417
77418
77420
77422
77423
77426
77429
77430
77432
77433
77434
77435
77437
77441
77443
77444
77445
77446
77447
77448
77449
77450
77451
77454
77459
77461
77463
77464
77466
77467
77468
77469
77471
77473
77474
77476
77477
77478
77479
77480
77481
77482
77484
77485
77486
77488
77489
77493
77494
77502
77503
77504
77505
77506
77507
77510
77511
77514
77515
77517
77518
77519
77520
77521
77530
77531
77532
77533
77534
77535
77536
77538
77539
77541
77545
77546
77547
77560
77561
77562
77563
77564
77565
77566
77568
77571
77573
77575
77577
77578
77581
77582
77583
77584
77586
77587
77590
77591
77597
77598
77613
77622
77629
77659
77665
77707
77830
77831
77833
77861
77866
77868
77873
77876
77880
78933
78934
78935
78938
78943
78944
78950
78962
32102
32110
32112
32114
32117
32118
32119
32124
32127
32130
32132
32136
32137
32141
32159
32164
32168
32169
32174
32176
32179
32180
32183
32190
32195
32701
32702
32703
32706
32707
32708
32709
32712
32713
32714
32720
32724
32725
32726
32730
32732
32735
32736
32738
32744
32746
32750
32751
32754
32757
32759
32763
32764
32765
32766
32767
32771
32773
32775
32776
32778
32779
32780
32784
32789
32792
32796
32798
32801
32803
32804
32805
32806
32807
32808
32809
32810
32811
32812
32817
32818
32819
32820
32821
32822
32824
32825
32826
32827
32828
32829
32831
32832
32833
32835
32836
32837
32839
32901
32903
32904
32905
32907
32908
32909
32920
32922
32925
32926
32927
32931
32934
32935
32937
32940
32948
32949
32950
32951
32952
32953
32955
32958
32966
32976
33510
33511
33513
33514
33521
33523
33525
33527
33534
33538
33540
33541
33543
33544
33547
33549
33565
33566
33567
33569
33576
33584
33585
33592
33594
33597
33602
33603
33604
33605
33606
33607
33609
33610
33611
33612
33613
33614
33616
33617
33618
33619
33620
33621
33624
33629
33634
33637
33647
33801
33803
33805
33809
33810
33811
33813
33815
33823
33825
33827
33830
33834
33835
33837
33838
33839
33841
33843
33844
33847
33848
33849
33850
33851
33853
33860
33868
33877
33880
33881
33884
33890
34420
34432
34436
34442
34450
34452
34453
34470
34471
34472
34473
34474
34475
34476
34479
34480
34481
34482
34484
34491
34601
34602
34609
34610
34614
34639
34661
34705
34711
34731
34734
34736
34737
34739
34741
34743
34744
34746
34747
34748
34753
34756
34758
34759
34760
34761
34762
34769
34771
34772
34773
34785
34786
34787
34788
34797
30002
30004
30005
30008
30011
30012
30013
30014
30016
30017
30019
30021
30022
30024
30025
30030
30032
30033
30034
30035
30038
30039
30040
30041
30043
30044
30045
30047
30052
30054
30055
30056
30058
30060
30062
30064
30066
30067
30068
30070
30071
30072
30075
30076
30078
30079
30080
30082
30083
30084
30087
30088
30092
30093
30094
30096
30097
30101
30102
30103
30104
30106
30107
30108
30110
30113
30114
30115
30116
30117
30120
30121
30122
30125
30126
30127
30132
30134
30135
30137
30139
30141
30143
30144
30145
30147
30148
30152
30153
30157
30161
30168
30170
30171
30173
30175
30176
30177
30178
30179
30180
30182
30183
30184
30185
30187
30188
30189
30204
30205
30206
30213
30214
30215
30216
30217
30218
30220
30222
30223
30224
30228
30230
30233
30234
30236
30238
30240
30241
30248
30250
30251
30252
30253
30256
30257
30258
30259
30260
30263
30265
30268
30269
30273
30274
30275
30276
30277
30281
30285
30286
30288
30290
30291
30292
30293
30294
30295
30296
30297
30303
30305
30306
30307
30308
30309
30310
30311
30312
30313
30314
30315
30316
30317
30318
30319
30322
30324
30326
30327
30328
30329
30331
30336
30337
30338
30339
30340
30341
30342
30344
30345
30346
30349
30350
30354
30360
30501
30504
30506
30507
30510
30511
30517
30518
30519
30520
30521
30523
30527
30528
30529
30530
30531
30533
30534
30535
30538
30542
30543
30547
30548
30549
30553
30554
30557
30558
30563
30564
30565
30566
30567
30571
30572
30575
30577
30598
30601
30602
30605
30606
30607
30619
30620
30621
30622
30625
30628
30629
30630
30633
30638
30639
30641
30642
30646
30650
30655
30656
30662
30663
30666
30667
30669
30671
30677
30680
30683
30701
30733
30734
30735
31016
31024
31029
31032
31038
31046
31050
31052
31064
31066
31085
31097
31201
31204
31206
31210
31211
31220
31804
31807
31808
31811
31816
31820
31822
31823
31826
31827
31829
31830
31831
31833
31836
31901
31903
31904
31905
31906
31907
31909
36207
36262
36263
36264
36269
36273
36274
36280
36801
36804
36849
36850
36852
36854
36855
36862
36863
36867
36869
36870
36874
36877
36879
20001
20002
20003
20004
20005
20006
20007
20008
20009
20010
20011
20012
20015
20016
20017
20018
20019
20020
20024
20032
20036
20037
20319
20375
20601
20602
20603
20606
20607
20608
20609
20611
20612
20613
20615
20616
20617
20618
20621
20622
20623
20624
20625
20626
20632
20636
20637
20639
20640
20645
20646
20650
20658
20659
20662
20664
20675
20676
20677
20678
20685
20689
20693
20695
20701
20705
20706
20707
20708
20710
20711
20712
20714
20715
20716
20720
20721
20722
20723
20724
20732
20733
20735
20736
20737
20740
20743
20744
20745
20746
20747
20748
20751
20754
20755
20758
20759
20762
20763
20764
20765
20769
20770
20772
20774
20776
20777
20778
20779
20781
20782
20783
20784
20785
20794
20812
20814
20815
20816
20817
20818
20832
20833
20837
20838
20839
20841
20842
20850
20851
20852
20853
20854
20855
20860
20861
20862
20866
20868
20871
20872
20874
20876
20877
20878
20879
20880
20882
20886
20895
20896
20901
20902
20903
20904
20905
20906
20910
20912
21010
21012
21029
21030
21031
21032
21035
21036
21037
21042
21043
21044
21045
21046
21051
21052
21054
21056
21057
21060
21061
21071
21075
21076
21077
21082
21085
21087
21090
21093
21104
21108
21113
21114
21117
21122
21128
21133
21140
21144
21146
21156
21162
21163
21201
21202
21204
21205
21206
21207
21208
21209
21210
21211
21212
21213
21214
21215
21216
21217
21218
21219
21220
21221
21222
21223
21224
21225
21226
21227
21228
21229
21230
21231
21234
21236
21237
21239
21244
21286
21401
21402
21403
21405
21612
21619
21624
21638
21647
21658
21661
21663
21665
21666
21671
21676
21701
21702
21703
21704
21710
21713
21716
21717
21718
21723
21737
21738
21754
21755
21756
21758
21762
21769
21770
21771
21773
21774
21776
21777
21779
21784
21790
21791
21793
21794
21797
21798
22427
22436
22443
22476
22509
22514
22534
22535
22538
22546
22580
23005
23015
23047
23059
23060
23069
23116
23227
23228
23233
23294
25441
75001
75002
75006
75007
75009
75010
75013
75019
75020
75021
75022
75023
75024
75025
75028
75032
75034
75035
75038
75039
75040
75041
75042
75043
75044
75048
75050
75051
75052
75056
75057
75058
75060
75061
75062
75063
75065
75067
75068
75069
75070
75074
75075
75077
75078
75080
75081
75082
75087
75088
75089
75090
75092
75093
75094
75098
75101
75102
75103
75104
75105
75110
75114
75115
75116
75117
75119
75121
75124
75125
75126
75127
75132
75134
75135
75137
75141
75142
75143
75146
75147
75148
75149
75150
75152
75153
75154
75155
75158
75159
75160
75161
75164
75165
75166
75167
75169
75172
75173
75180
75181
75182
75189
75201
75202
75203
75204
75205
75206
75207
75208
75209
75210
75211
75212
75214
75215
75216
75217
75218
75219
75220
75223
75224
75225
75226
75227
75228
75229
75230
75231
75232
75233
75234
75235
75236
75237
75238
75240
75241
75243
75244
75246
75247
75248
75249
75251
75252
75253
75270
75287
75401
75402
75407
75409
75413
75414
75420
75422
75423
75424
75428
75433
75439
75440
75442
75448
75449
75452
75453
75454
75459
75469
75472
75474
75475
75479
75485
75489
75490
75491
75495
75496
76001
76002
76006
76008
76009
76010
76011
76012
76013
76014
76015
76016
76017
76018
76020
76021
76022
76023
76028
76031
76034
76035
76036
76039
76040
76041
76043
76044
76048
76049
76050
76051
76052
76053
76054
76055
76058
76059
76060
76061
76063
76064
76065
76066
76070
76071
76073
76077
76078
76082
76084
76086
76087
76088
76092
76093
76102
76103
76104
76105
76106
76107
76108
76109
76110
76111
76112
76114
76115
76116
76117
76118
76119
76120
76123
76126
76127
76131
76132
76133
76134
76135
76137
76140
76148
76155
76177
76179
76180
76201
76205
76207
76208
76225
76226
76227
76233
76234
76238
76239
76240
76246
76247
76248
76249
76250
76251
76252
76253
76258
76259
76262
76264
76266
76268
76270
76271
76272
76273
76433
76457
76462
76476
76621
76622
76624
76626
76627
76628
76631
76633
76634
76636
76637
76638
76640
76641
76643
76645
76648
76649
76651
76652
76655
76660
76665
76666
76670
76671
76673
76676
76679
76689
76690
76691
76692
76701
76704
76705
76706
76707
76708
76710
76711
76712
76798
07080
07719
07726
07727
07728
07731
07746
07751
07921
08001
08002
08003
08004
08005
08006
08007
08008
08009
08010
08011
08012
08014
08015
08016
08019
08020
08021
08022
08023
08026
08027
08028
08029
08030
08031
08032
08033
08034
08035
08036
08037
08038
08039
08041
08042
08043
08045
08046
08048
08049
08050
08051
08052
08053
08054
08055
08056
08057
08059
08060
08061
08062
08063
08064
08065
08066
08067
08068
08069
08070
08071
08072
08073
08074
08075
08077
08078
08079
08080
08081
08083
08084
08085
08086
08087
08088
08089
08090
08091
08092
08093
08094
08095
08096
08097
08098
08102
08103
08104
08105
08106
08107
08108
08109
08110
08201
08202
08203
08210
08215
08217
08221
08223
08224
08225
08226
08230
08232
08234
08241
08243
08244
08245
08247
08248
08252
08270
08302
08310
08311
08312
08313
08314
08316
08317
08318
08319
08321
08322
08323
08324
08326
08327
08328
08329
08330
08332
08340
08341
08343
08344
08345
08346
08348
08349
08350
08352
08353
08360
08361
08401
08402
08403
08406
08501
08502
08505
08510
08511
08512
08514
08515
08518
08520
08525
08527
08528
08530
08533
08534
08535
08536
08540
08542
08550
08551
08553
08554
08555
08558
08559
08560
08561
08562
08608
08609
08610
08611
08618
08619
08620
08625
08628
08629
08638
08640
08641
08648
08690
08691
08701
08720
08721
08722
08723
08724
08730
08731
08732
08733
08734
08735
08736
08738
08740
08741
08742
08750
08751
08752
08753
08755
08757
08758
08759
08801
08802
08804
08805
08807
08809
08810
08812
08816
08817
08821
08822
08823
08824
08825
08827
08828
08829
08831
08833
08835
08836
08837
08846
08848
08850
08852
08853
08854
08857
08858
08865
08867
08869
08872
08873
08876
08880
08882
08884
08886
08887
08889
08901
08902
08904
17016
17041
17064
17083
17088
17302
17309
17313
17314
17317
17321
17322
17349
17352
17355
17356
17361
17363
17366
17368
17406
17501
17505
17508
17509
17512
17516
17517
17518
17519
17520
17522
17527
17529
17532
17535
17536
17538
17540
17543
17545
17547
17551
17552
17554
17555
17557
17560
17562
17563
17565
17566
17569
17570
17572
17576
17578
17579
17581
17582
17584
17601
17602
17603
18011
18012
18014
18015
18017
18018
18020
18030
18031
18032
18034
18035
18036
18037
18038
18040
18041
18042
18045
18049
18051
18052
18053
18054
18055
18056
18059
18062
18064
18066
18067
18069
18070
18071
18073
18074
18076
18077
18078
18079
18080
18081
18083
18085
18086
18087
18088
18091
18092
18101
18102
18103
18104
18106
18235
18244
18901
18914
18915
18917
18920
18923
18925
18927
18929
18930
18932
18936
18938
18940
18942
18944
18947
18951
18954
18955
18960
18962
18964
18966
18969
18970
18972
18974
18976
18977
18980
19001
19002
19003
19004
19006
19007
19008
19009
19010
19012
19013
19014
19015
19018
19020
19021
19022
19023
19025
19026
19027
19029
19030
19031
19032
19033
19034
19035
19036
19038
19040
19041
19043
19044
19046
19047
19050
19053
19054
19055
19056
19057
19061
19063
19064
19066
19067
19070
19072
19073
19074
19075
19076
19078
19079
19081
19082
19083
19085
19086
19087
19090
19094
19095
19096
19102
19103
19104
19106
19107
19108
19111
19112
19113
19114
19115
19116
19118
19119
19120
19121
19122
19123
19124
19125
19126
19127
19128
19129
19130
19131
19132
19133
19134
19135
19136
19137
19138
19139
19140
19141
19142
19143
19144
19145
19146
19147
19148
19149
19150
19151
19152
19153
19154
19301
19310
19311
19312
19316
19317
19319
19320
19330
19333
19335
19341
19342
19343
19344
19345
19348
19350
19352
19355
19358
19362
19363
19365
19367
19369
19372
19373
19374
19380
19382
19390
19401
19403
19405
19406
19421
19422
19425
19426
19428
19435
19436
19437
19438
19440
19444
19446
19453
19454
19457
19460
19462
19464
19465
19468
19472
19473
19474
19475
19478
19492
19501
19503
19504
19505
19508
19510
19511
19512
19516
19518
19519
19520
19522
19523
19525
19529
19530
19533
19534
19536
19539
19540
19541
19543
19545
19547
19555
19560
19562
19601
19602
19604
19605
19606
19607
19608
19609
19610
19611
21001
21005
21009
21010
21013
21014
21015
21017
21028
21030
21031
21034
21040
21047
21050
21051
21052
21053
21057
21071
21078
21082
21084
21085
21087
21093
21105
21111
21117
21120
21128
21130
21131
21132
21133
21152
21154
21156
21160
21161
21162
21202
21204
21205
21206
21207
21208
21209
21210
21211
21212
21213
21214
21215
21216
21218
21219
21220
21221
21222
21223
21224
21225
21226
21229
21230
21231
21234
21236
21237
21239
21244
21286
21607
21610
21620
21623
21628
21635
21636
21639
21640
21644
21645
21649
21650
21651
21667
21668
21678
21901
21902
21903
21904
21911
21912
21913
21914
21915
21917
21918
21919
21920
21921
21930
17007
17019
17027
17034
17057
17065
17070
17111
17113
17214
17222
17225
17235
17237
17254
17268
17301
17302
17304
17306
17307
17309
17311
17313
17314
17315
17316
17317
17318
17319
17320
17321
17322
17324
17325
17327
17329
17331
17339
17340
17343
17344
17345
17347
17349
17350
17352
17353
17355
17356
17360
17361
17362
17363
17364
17365
17366
17368
17370
17372
17401
17402
17403
17404
17406
17407
17502
17505
17509
17512
17516
17518
17520
17532
17536
17538
17547
17551
17552
17554
17560
17562
17563
17565
17566
17570
17572
17576
17579
17582
17584
17601
17602
17603
19352
19362
19363
20001
20002
20003
20004
20005
20006
20007
20008
20009
20010
20011
20012
20015
20016
20017
20018
20019
20020
20024
20032
20036
20037
20319
20375
20601
20602
20603
20606
20607
20608
20609
20611
20612
20613
20615
20616
20617
20618
20619
20620
20621
20622
20623
20624
20625
20626
20628
20629
20630
20632
20634
20636
20637
20639
20640
20645
20646
20650
20653
20657
20658
20659
20662
20664
20667
20670
20674
20675
20676
20677
20678
20680
20684
20685
20688
20689
20690
20692
20693
20695
20701
20705
20706
20707
20708
20710
20711
20712
20714
20715
20716
20720
20721
20722
20723
20724
20732
20733
20735
20736
20737
20740
20743
20744
20745
20746
20747
20748
20751
20754
20755
20758
20759
20762
20763
20764
20765
20769
20770
20772
20774
20776
20777
20778
20779
20781
20782
20783
20784
20785
20794
20812
20814
20815
20816
20817
20818
20832
20833
20837
20838
20839
20841
20842
20850
20851
20852
20853
20854
20855
20860
20861
20862
20866
20868
20871
20872
20874
20876
20877
20878
20879
20880
20882
20886
20895
20896
20901
20902
20903
20904
20905
20906
20910
20912
21001
21005
21009
21010
21012
21013
21014
21015
21017
21028
21029
21030
21031
21032
21034
21035
21036
21037
21040
21042
21043
21044
21045
21046
21047
21048
21050
21051
21052
21053
21054
21056
21057
21060
21061
21071
21074
21075
21076
21077
21078
21082
21084
21085
21087
21090
21093
21102
21104
21105
21108
21111
21113
21114
21117
21120
21122
21128
21130
21131
21132
21133
21136
21140
21144
21146
21152
21154
21155
21156
21157
21158
21160
21161
21162
21163
21201
21202
21204
21205
21206
21207
21208
21209
21210
21211
21212
21213
21214
21215
21216
21217
21218
21219
21220
21221
21222
21223
21224
21225
21226
21227
21228
21229
21230
21231
21234
21236
21237
21239
21244
21286
21401
21402
21403
21405
21610
21612
21617
21619
21620
21623
21624
21628
21638
21641
21645
21647
21653
21657
21658
21660
21661
21662
21663
21665
21666
21667
21669
21671
21676
21678
21679
21701
21702
21703
21704
21710
21713
21716
21717
21718
21719
21723
21727
21733
21734
21737
21738
21740
21742
21754
21755
21756
21757
21758
21762
21767
21769
21770
21771
21773
21774
21776
21777
21778
21779
21780
21782
21783
21784
21787
21788
21790
21791
21793
21794
21795
21797
21798
21901
21902
21903
21904
21911
21914
21917
21918
21919
21920
21921
21930
22427
22436
22443
22476
22509
22514
22520
22534
22535
22538
22546
22580
25413
25414
25425
25430
25438
25441
25442
25443
25446
43408
43412
43416
43430
43432
43443
43445
43447
43450
43458
43460
43465
43468
43469
43504
43515
43522
43525
43528
43532
43533
43537
43540
43542
43547
43551
43553
43558
43560
43566
43567
43571
43604
43605
43606
43607
43608
43609
43610
43611
43612
43613
43614
43615
43616
43617
43619
43620
43623
48001
48002
48003
48005
48006
48009
48014
48015
48017
48021
48022
48023
48025
48026
48027
48028
48030
48032
48034
48035
48036
48038
48039
48040
48041
48042
48043
48044
48045
48047
48048
48049
48050
48051
48054
48059
48060
48062
48063
48064
48065
48066
48067
48069
48070
48071
48072
48073
48074
48075
48076
48079
48080
48081
48082
48083
48084
48089
48091
48092
48093
48094
48095
48096
48097
48098
48101
48103
48104
48105
48108
48109
48111
48114
48116
48117
48118
48120
48122
48124
48125
48126
48127
48128
48130
48131
48133
48134
48135
48137
48138
48139
48140
48141
48143
48144
48145
48146
48150
48152
48154
48157
48158
48159
48160
48161
48162
48164
48165
48166
48167
48169
48170
48173
48174
48176
48178
48179
48180
48182
48183
48184
48185
48186
48187
48188
48189
48190
48191
48192
48195
48197
48198
48201
48202
48203
48204
48205
48206
48207
48208
48209
48210
48211
48212
48213
48214
48215
48216
48217
48218
48219
48220
48221
48223
48224
48225
48226
48227
48228
48229
48230
48234
48235
48236
48237
48238
48239
48240
48242
48301
48302
48304
48306
48307
48309
48310
48312
48313
48314
48315
48316
48317
48320
48322
48323
48324
48326
48327
48328
48329
48331
48334
48335
48336
48340
48341
48342
48346
48348
48350
48353
48356
48357
48359
48360
48362
48363
48367
48370
48371
48374
48375
48377
48380
48381
48382
48383
48386
48390
48393
48412
48414
48415
48416
48418
48420
48421
48422
48423
48428
48429
48430
48433
48435
48436
48437
48438
48439
48440
48442
48444
48446
48449
48451
48453
48454
48455
48457
48458
48460
48461
48462
48463
48464
48466
48473
48476
48502
48503
48504
48505
48506
48507
48509
48519
48529
48532
48727
48734
48744
48746
48760
48768
48808
48817
48819
48823
48824
48836
48840
48841
48843
48848
48854
48857
48864
48866
48867
48872
48892
48895
48906
48912
49068
49201
49202
49203
49220
49221
49224
49228
49229
49230
49233
49234
49235
49236
49237
49238
49240
49241
49246
49248
49249
49251
49253
49254
49256
49259
49263
49264
49265
49267
49268
49269
49270
49272
49276
49277
49279
49281
49282
49283
49284
49285
49286
49287
49289
27203
27207
27208
27209
27229
27233
27242
27248
27252
27253
27256
27281
27283
27298
27306
27312
27316
27317
27325
27330
27341
27344
27349
27350
27355
27356
27371
27376
27501
27502
27504
27505
27506
27510
27511
27513
27514
27516
27520
27521
27524
27526
27529
27530
27534
27540
27542
27545
27546
27555
27557
27559
27560
27562
27568
27569
27571
27576
27577
27591
27592
27597
27601
27603
27604
27605
27606
27607
27608
27609
27610
27612
27613
27614
27615
27616
27701
27703
27704
27705
27706
27707
27713
27830
27851
27863
27880
27893
28007
28091
28102
28119
28133
28135
28170
28301
28303
28304
28305
28306
28307
28311
28314
28315
28318
28320
28323
28325
28326
28327
28328
28330
28332
28333
28334
28337
28338
28339
28340
28341
28342
28343
28344
28345
28347
28348
28350
28351
28352
28356
28357
28358
28360
28362
28363
28364
28365
28366
28367
28368
28369
28371
28372
28373
28374
28376
28377
28378
28379
28382
28383
28384
28385
28386
28387
28390
28391
28392
28393
28394
28395
28396
28398
28399
28430
28433
28434
28438
28439
28441
28444
28453
28458
28464
29512
29516
29520
29525
29536
29540
29543
29547
29563
29565
29567
29570
29584
29592
29593
29594
29596
29709
40003
40004
40006
40007
40008
40010
40011
40012
40013
40014
40019
40020
40022
40023
40026
40031
40033
40036
40037
40040
40045
40046
40047
40050
40051
40052
40055
40056
40057
40058
40059
40060
40062
40065
40067
40068
40069
40070
40071
40076
40077
40078
40104
40107
40108
40109
40115
40117
40118
40119
40121
40140
40142
40143
40144
40145
40146
40150
40152
40155
40157
40160
40162
40165
40170
40171
40175
40176
40177
40178
40202
40203
40204
40205
40206
40207
40208
40209
40210
40211
40212
40213
40214
40215
40216
40217
40218
40219
40220
40222
40223
40228
40229
40241
40242
40243
40245
40258
40272
40291
40299
40330
40339
40342
40347
40355
40359
40363
40372
40379
40383
40390
40468
40503
40510
40513
40514
40601
41008
41010
41030
41035
41045
41046
41051
41052
41083
41086
41091
41092
41094
41095
41098
42207
42214
42259
42285
42701
42712
42713
42716
42718
42722
42724
42726
42729
42732
42740
42743
42746
42748
42749
42754
42757
42762
42765
42776
42782
42784
42788
47019
47020
47038
47043
47102
47106
47108
47111
47112
47114
47115
47116
47117
47118
47119
47120
47122
47123
47124
47125
47126
47129
47130
47135
47136
47137
47138
47140
47141
47142
47143
47145
47147
47150
47160
47161
47162
47163
47164
47165
47166
47167
47170
47172
47174
47175
47177
47201
47203
47220
47223
47224
47226
47227
47229
47230
47231
47232
47235
47243
47244
47246
47247
47250
47260
47264
47265
47270
47273
47274
47280
47281
47282
47283
47432
47446
47452
47454
47467
47469
47513
47514
47515
47520
47521
47525
47527
47531
47532
47536
47541
47542
47551
47574
47575
47576
47577
47579
47580
47586
47588
06612
06801
06807
06810
06811
06812
06820
06830
06831
06840
06850
06851
06853
06854
06855
06870
06877
06878
06880
06883
06896
06897
06901
06902
06903
06905
06906
06907
07001
07002
07003
07004
07005
07006
07008
07009
07010
07011
07012
07013
07014
07016
07017
07018
07020
07021
07022
07023
07024
07026
07027
07028
07029
07030
07031
07032
07033
07034
07035
07036
07039
07040
07041
07042
07043
07044
07045
07046
07047
07050
07052
07054
07055
07057
07058
07059
07060
07062
07063
07064
07065
07066
07067
07068
07070
07071
07072
07073
07074
07075
07076
07077
07078
07079
07080
07081
07082
07083
07087
07088
07090
07092
07093
07094
07095
07102
07103
07104
07105
07106
07107
07108
07109
07110
07111
07112
07114
07201
07202
07203
07204
07205
07206
07208
07302
07304
07305
07306
07307
07310
07401
07403
07405
07407
07410
07416
07417
07418
07419
07420
07421
07422
07423
07424
07428
07430
07432
07435
07436
07438
07439
07440
07442
07444
07446
07450
07452
07456
07457
07458
07460
07461
07462
07463
07465
07470
07480
07481
07501
07502
07503
07504
07505
07506
07508
07512
07513
07514
07522
07524
07601
07603
07604
07605
07606
07607
07608
07620
07621
07624
07626
07627
07628
07630
07631
07632
07640
07641
07642
07643
07644
07645
07646
07647
07648
07649
07650
07652
07656
07657
07660
07661
07662
07663
07666
07670
07675
07701
07702
07703
07704
07711
07712
07716
07717
07718
07719
07720
07721
07722
07723
07724
07726
07727
07728
07730
07731
07732
07733
07734
07735
07737
07738
07739
07740
07746
07747
07748
07750
07751
07753
07755
07756
07757
07758
07760
07762
07764
07801
07803
07821
07822
07823
07825
07826
07827
07828
07830
07832
07833
07834
07836
07838
07840
07842
07843
07846
07847
07848
07849
07850
07851
07852
07853
07856
07857
07860
07863
07865
07866
07869
07871
07874
07876
07878
07882
07885
07901
07920
07921
07922
07924
07927
07928
07930
07931
07932
07933
07934
07935
07936
07940
07945
07946
07950
07960
07970
07974
07976
07977
07979
07980
07981
08002
08003
08004
08005
08006
08007
08009
08010
08011
08012
08015
08016
08019
08021
08022
08026
08028
08029
08030
08031
08032
08033
08034
08035
08036
08037
08041
08042
08043
08045
08046
08048
08049
08050
08052
08053
08054
08055
08057
08059
08060
08064
08065
08068
08071
08073
08075
08077
08078
08080
08081
08083
08084
08086
08087
08088
08089
08090
08091
08092
08093
08094
08095
08096
08097
08102
08103
08104
08105
08106
08107
08108
08109
08110
08201
08215
08217
08221
08223
08224
08225
08226
08230
08232
08234
08241
08243
08244
08248
08270
08310
08312
08317
08319
08322
08326
08328
08330
08340
08341
08344
08346
08350
08360
08361
08401
08402
08403
08501
08502
08505
08510
08511
08512
08514
08515
08518
08520
08525
08527
08528
08530
08533
08534
08535
08536
08540
08542
08550
08551
08553
08554
08555
08558
08559
08560
08561
08562
08608
08609
08610
08611
08618
08619
08620
08625
08628
08629
08638
08640
08641
08648
08690
08691
08701
08720
08721
08722
08723
08724
08730
08731
08732
08733
08734
08735
08736
08738
08740
08741
08742
08750
08751
08752
08753
08755
08757
08758
08759
08801
08802
08804
08805
08807
08809
08810
08812
08816
08817
08820
08821
08822
08823
08824
08825
08826
08827
08828
08829
08830
08831
08832
08833
08835
08836
08837
08840
08846
08848
08850
08852
08853
08854
08857
08858
08859
08861
08863
08865
08867
08869
08872
08873
08876
08879
08880
08882
08884
08886
08887
08889
08901
08902
08904
10001
10002
10003
10004
10005
10006
10007
10009
10010
10011
10012
10013
10014
10016
10017
10018
10019
10020
10021
10022
10023
10024
10025
10026
10027
10028
10029
10030
10031
10032
10033
10034
10035
10036
10037
10038
10039
10040
10041
10044
10069
10103
10111
10112
10115
10119
10128
10152
10153
10154
10162
10165
10167
10169
10170
10171
10172
10173
10177
10271
10278
10279
10280
10282
10301
10302
10303
10304
10305
10306
10307
10308
10309
10310
10312
10314
10451
10452
10453
10454
10455
10456
10457
10458
10459
10460
10461
10462
10463
10464
10465
10466
10467
10468
10469
10470
10471
10472
10473
10474
10475
10501
10502
10503
10504
10506
10507
10509
10510
10511
10512
10514
10516
10518
10519
10520
10522
10523
10524
10526
10527
10528
10530
10532
10533
10535
10536
10537
10538
10541
10543
10546
10547
10548
10549
10550
10552
10553
10560
10562
10566
10567
10570
10573
10576
10577
10578
10579
10580
10583
10588
10589
10590
10591
10594
10595
10597
10598
10601
10603
10604
10605
10606
10607
10701
10703
10704
10705
10706
10707
10708
10709
10710
10801
10803
10804
10805
10901
10913
10916
10917
10918
10919
10920
10921
10923
10924
10925
10926
10927
10928
10930
10931
10940
10941
10950
10952
10954
10956
10958
10960
10962
10963
10964
10965
10968
10969
10970
10973
10974
10975
10976
10977
10980
10983
10984
10985
10986
10987
10989
10990
10992
10993
10994
10996
10998
11001
11003
11004
11005
11010
11020
11021
11023
11024
11030
11040
11042
11050
11096
11101
11102
11103
11104
11105
11106
11201
11203
11204
11205
11206
11207
11208
11209
11210
11211
11212
11213
11214
11215
11216
11217
11218
11219
11220
11221
11222
11223
11224
11225
11226
11228
11229
11230
11231
11232
11233
11234
11235
11236
11237
11238
11239
11354
11355
11356
11357
11358
11360
11361
11362
11363
11364
11365
11366
11367
11368
11369
11370
11371
11372
11373
11374
11375
11377
11378
11379
11385
11411
11412
11413
11414
11415
11416
11417
11418
11419
11420
11421
11422
11423
11426
11427
11428
11429
11430
11432
11433
11434
11435
11436
11501
11507
11509
11510
11514
11516
11518
11520
11530
11542
11545
11547
11548
11550
11552
11553
11554
11557
11558
11559
11560
11561
11563
11565
11566
11568
11569
11570
11572
11575
11576
11577
11579
11580
11581
11590
11596
11598
11691
11692
11693
11694
11697
11701
11702
11703
11704
11705
11706
11709
11710
11713
11714
11715
11716
11717
11718
11719
11720
11721
11722
11724
11725
11726
11729
11730
11731
11732
11735
11738
11740
11741
11742
11743
11746
11747
11751
11752
11753
11754
11755
11756
11757
11758
11762
11763
11765
11767
11768
11769
11770
11771
11772
11779
11782
11783
11784
11787
11788
11791
11793
11795
11796
11797
11798
11801
11803
11804
11950
11980
12419
12440
12471
12472
12486
12508
12515
12518
12520
12524
12525
12528
12531
12533
12542
12543
12547
12548
12549
12550
12553
12561
12563
12566
12575
12577
12582
12586
12589
12590
12721
12729
12746
12771
12780
12785
12790
18013
18014
18017
18020
18040
18042
18045
18055
18063
18064
18072
18077
18081
18083
18085
18091
18331
18901
18917
18920
18923
18925
18929
18930
18938
18940
18942
18947
18954
18966
18972
18974
18976
18977
18980
19001
19006
19007
19009
19012
19020
19021
19025
19027
19030
19038
19040
19044
19046
19047
19053
19054
19055
19056
19057
19067
19075
19090
19095
19102
19103
19106
19107
19108
19111
19112
19114
19115
19116
19119
19120
19121
19122
19123
19124
19125
19126
19129
19130
19132
19133
19134
19135
19136
19137
19138
19140
19141
19144
19146
19147
19148
19149
19150
19152
19154
46301
46303
46304
46307
46310
46311
46312
46319
46320
46321
46322
46323
46324
46327
46341
46342
46345
46346
46347
46348
46349
46350
46356
46360
46368
46373
46375
46376
46377
46379
46381
46382
46383
46385
46390
46391
46393
46394
46402
46403
46404
46405
46406
46407
46408
46409
46410
49116
49117
49129
53104
53105
53108
53110
53125
53126
53128
53129
53132
53139
53140
53142
53143
53144
53147
53148
53154
53158
53167
53168
53170
53172
53176
53177
53179
53181
53182
53185
53191
53192
53195
53204
53207
53215
53219
53220
53221
53235
53402
53403
53404
53405
53406
60002
60004
60005
60007
60008
60010
60012
60013
60014
60015
60016
60018
60020
60021
60022
60025
60029
60030
60031
60033
60034
60035
60037
60040
60041
60042
60043
60044
60045
60046
60047
60048
60050
60053
60056
60060
60061
60062
60064
60067
60068
60069
60070
60071
60072
60073
60074
60076
60077
60081
60083
60084
60085
60087
60088
60089
60090
60091
60093
60096
60097
60098
60099
60101
60102
60103
60104
60106
60107
60108
60109
60110
60111
60112
60113
60115
60118
60119
60120
60123
60126
60129
60130
60131
60134
60135
60136
60137
60139
60140
60141
60142
60143
60145
60146
60148
60150
60151
60152
60153
60154
60155
60157
60160
60162
60163
60164
60165
60171
60172
60173
60174
60175
60176
60177
60178
60180
60181
60184
60185
60187
60188
60190
60191
60192
60193
60194
60195
60201
60202
60203
60301
60302
60304
60305
60401
60402
60406
60407
60408
60409
60410
60411
60415
60416
60417
60419
60420
60421
60422
60423
60424
60425
60426
60429
60430
60431
60432
60433
60435
60436
60437
60438
60439
60440
60441
60442
60443
60444
60445
60446
60447
60448
60449
60450
60451
60452
60453
60455
60456
60457
60458
60459
60460
60461
60462
60463
60464
60465
60466
60467
60468
60469
60470
60471
60472
60473
60474
60475
60476
60477
60478
60479
60480
60481
60482
60490
60501
60504
60505
60506
60510
60511
60512
60513
60514
60515
60516
60517
60518
60519
60520
60521
60523
60525
60526
60530
60531
60532
60534
60536
60537
60538
60539
60540
60541
60542
60543
60544
60545
60546
60548
60549
60550
60551
60552
60553
60554
60555
60556
60557
60558
60559
60560
60561
60563
60564
60565
60601
60602
60603
60604
60605
60606
60607
60608
60609
60610
60611
60612
60613
60614
60615
60616
60617
60618
60619
60620
60621
60622
60623
60624
60625
60626
60628
60629
60630
60631
60632
60633
60634
60636
60637
60638
60639
60640
60641
60643
60644
60645
60646
60647
60649
60651
60652
60653
60654
60655
60656
60657
60659
60660
60661
60706
60707
60712
60714
60803
60804
60805
60827
60901
60910
60911
60912
60913
60914
60915
60917
60919
60920
60922
60927
60928
60929
60930
60931
60934
60935
60938
60940
60941
60945
60946
60950
60951
60954
60955
60959
60961
60964
60966
60968
60969
60970
60974
61038
61049
61052
61068
61301
61311
61312
61313
61316
61317
61318
61319
61320
61325
61329
61332
61333
61334
61341
61342
61348
61350
61353
61354
61360
61362
61363
61364
61370
61372
61373
61740
61741
61743
61764
61769
71901
71909
71941
71949
72001
72002
72010
72011
72012
72013
72015
72016
72020
72022
72023
72025
72027
72032
72039
72045
72046
72047
72053
72058
72060
72061
72063
72065
72068
72070
72072
72076
72079
72081
72082
72083
72085
72086
72087
72099
72102
72103
72104
72105
72106
72107
72110
72111
72113
72114
72116
72117
72118
72120
72121
72122
72125
72126
72127
72131
72132
72135
72136
72137
72139
72142
72143
72156
72157
72167
72168
72173
72179
72180
72181
72183
72201
72202
72204
72205
72206
72207
72209
72210
72211
72212
72223
72227
72534
72543
72568
72802
72823
72858
87001
87002
87004
87006
87007
87008
87016
87022
87023
87031
87032
87035
87041
87042
87043
87047
87048
87052
87059
87060
87061
87068
87070
87072
87083
87102
87104
87105
87106
87107
87108
87109
87110
87111
87112
87113
87114
87116
87120
87121
87122
87123
87124
32422
32433
32501
32503
32504
32505
32506
32507
32508
32514
32526
32531
32533
32534
32535
32536
32539
32544
32564
32565
32566
32567
32568
32570
32571
32577
32578
32583
36426
36432
36441
36442
36455
36473
36483
36507
36511
36525
36526
36527
36530
36532
36535
36549
36551
36559
36561
36562
36564
36567
36572
36574
36576
36577
36578
36580
36602
36603
36604
36605
36606
36607
36609
36610
36611
36612
36617
36619
36693
93201
93202
93212
93215
93216
93218
93219
93223
93230
93235
93239
93242
93244
93245
93247
93250
93256
93261
93266
93267
93270
93272
93274
93277
93282
93291
93292
93601
93606
93608
93609
93610
93611
93612
93614
93615
93616
93618
93620
93624
93625
93626
93627
93630
93631
93637
93638
93641
93645
93646
93647
93648
93650
93651
93652
93653
93654
93656
93657
93660
93662
93665
93666
93667
93668
93669
93673
93675
93701
93702
93703
93704
93705
93706
93710
93711
93720
93721
93722
93725
93726
93727
93728
95301
95312
95315
95317
95333
95334
95340
95348
95365
95388
01001
01002
01007
01008
01010
01011
01012
01013
01020
01022
01027
01028
01029
01030
01031
01032
01033
01034
01035
01036
01037
01038
01039
01040
01050
01053
01054
01056
01057
01060
01062
01069
01071
01072
01073
01075
01077
01080
01081
01082
01083
01084
01085
01088
01089
01092
01095
01096
01103
01104
01105
01106
01107
01108
01109
01118
01119
01128
01129
01151
01222
01230
01238
01244
01245
01253
01255
01257
01258
01259
01262
01264
01301
01341
01342
01349
01351
01366
01370
01373
01375
01376
01379
01380
01501
01506
01507
01515
01516
01518
01519
01520
01521
01524
01527
01531
01532
01535
01536
01537
01540
01542
01545
01550
01560
01562
01566
01570
01571
01585
01590
01602
01603
01604
01605
01606
01607
01608
01609
01610
01611
01612
02804
02808
02812
02813
02814
02815
02817
02825
02827
02832
02833
02859
02875
02891
02894
02898
06001
06002
06010
06013
06016
06018
06019
06020
06021
06022
06023
06024
06026
06027
06029
06031
06032
06033
06035
06037
06039
06040
06043
06051
06052
06053
06057
06058
06059
06060
06062
06063
06065
06066
06067
06068
06069
06070
06071
06073
06074
06076
06078
06081
06082
06084
06085
06088
06089
06090
06091
06092
06093
06095
06096
06098
06103
06105
06106
06107
06108
06109
06110
06111
06112
06114
06117
06118
06119
06120
06226
06231
06232
06234
06235
06237
06238
06239
06241
06242
06247
06248
06249
06250
06254
06255
06256
06259
06260
06262
06264
06266
06268
06269
06277
06278
06279
06280
06281
06282
06320
06330
06331
06333
06334
06335
06336
06339
06340
06351
06354
06355
06357
06359
06360
06365
06370
06371
06373
06374
06375
06376
06377
06378
06379
06380
06382
06384
06385
06390
06401
06403
06405
06409
06410
06412
06413
06415
06416
06417
06418
06419
06420
06422
06423
06424
06426
06437
06438
06441
06442
06443
06447
06450
06451
06455
06457
06460
06468
06469
06470
06471
06472
06473
06475
06477
06478
06479
06480
06481
06482
06483
06484
06488
06489
06492
06498
06504
06510
06511
06512
06513
06514
06515
06516
06517
06518
06519
06524
06525
06604
06605
06606
06607
06608
06610
06611
06612
06614
06615
06702
06704
06705
06706
06708
06710
06712
06716
06750
06751
06752
06754
06755
06756
06757
06759
06762
06763
06770
06776
06777
06778
06779
06782
06783
06784
06785
06786
06787
06790
06791
06793
06794
06795
06796
06798
06801
06804
06807
06810
06811
06812
06820
06830
06831
06840
06850
06851
06853
06854
06855
06870
06877
06878
06880
06883
06896
06897
06901
06902
06903
06905
06906
06907
10501
10504
10506
10507
10509
10510
10512
10514
10518
10519
10523
10526
10527
10528
10532
10535
10536
10541
10546
10549
10560
10562
10570
10573
10576
10578
10588
10589
10590
10591
10594
10595
10597
10598
10603
12501
12503
12516
12517
12522
12531
12533
12540
12545
12546
12563
12564
12569
12570
12582
12585
12592
12594
85003
85004
85006
85007
85008
85009
85012
85013
85014
85015
85016
85017
85018
85019
85020
85021
85022
85023
85024
85027
85028
85029
85031
85032
85033
85034
85035
85037
85040
85041
85043
85044
85045
85048
85050
85051
85053
85054
85085
85086
85087
85201
85202
85203
85204
85205
85206
85207
85208
85210
85212
85213
85215
85224
85225
85226
85233
85234
85236
85248
85249
85250
85251
85253
85254
85255
85256
85257
85258
85259
85260
85262
85263
85264
85268
85281
85282
85283
85284
85296
85301
85302
85303
85304
85305
85306
85307
85308
85309
85310
85322
85323
85326
85331
85335
85338
85340
85342
85345
85351
85354
85355
85361
85363
85373
85374
85375
85379
85381
85382
78353
78501
78503
78504
78516
78520
78521
78526
78537
78538
78539
78543
78547
78548
78549
78550
78552
78557
78558
78559
78560
78562
78563
78565
78566
78569
78570
78572
78575
78576
78577
78578
78579
78580
78582
78583
78586
78588
78589
78592
78593
78594
78595
78596
78597
78598
39039
39040
39041
39042
39044
39045
39046
39047
39051
39056
39057
39059
39060
39062
39063
39066
39071
39073
39074
39078
39079
39082
39083
39086
39092
39094
39098
39107
39109
39110
39111
39114
39116
39117
39119
39140
39144
39145
39146
39148
39149
39150
39151
39152
39153
39154
39156
39157
39160
39161
39162
39166
39168
39170
39174
39175
39177
39179
39180
39183
39189
39191
39194
39201
39202
39203
39204
39206
39208
39209
39210
39211
39212
39213
39216
39218
39269
39327
39332
39336
39338
39345
39359
39474
39601
39629
39635
39641
39647
39654
39662
39663
39665
39666
39668
35005
35007
35010
35020
35022
35023
35034
35035
35036
35040
35042
35043
35044
35045
35046
35051
35060
35061
35064
35068
35071
35072
35073
35078
35080
35085
35089
35094
35114
35115
35116
35117
35118
35119
35124
35126
35127
35130
35136
35143
35147
35151
35171
35173
35176
35183
35186
35203
35204
35205
35206
35207
35208
35209
35210
35211
35212
35213
35214
35215
35216
35217
35218
35221
35222
35223
35224
35226
35228
35233
35234
35235
35242
35243
35244
36003
36005
36006
36009
36010
36013
36020
36022
36024
36025
36026
36028
36029
36030
36031
36032
36033
36034
36035
36036
36037
36039
36040
36041
36042
36043
36046
36047
36048
36049
36051
36052
36053
36054
36064
36065
36066
36067
36069
36071
36075
36078
36079
36080
36081
36083
36088
36089
36091
36092
36093
36104
36105
36106
36107
36108
36109
36110
36111
36113
36115
36116
36117
36311
36323
36346
36401
36425
36456
36701
36703
36726
36749
36750
36752
36756
36758
36759
36761
36767
36768
36775
36785
36790
36792
36793
36801
36804
36830
36832
36849
36850
36852
36853
36854
36858
36860
36861
36862
36863
36866
36869
36870
36874
36875
36877
36879
28134
29001
29003
29006
29009
29010
29014
29015
29016
29018
29020
29030
29032
29033
29036
29038
29039
29040
29042
29044
29045
29046
29047
29051
29052
29053
29054
29055
29058
29059
29061
29062
29063
29065
29067
29069
29070
29072
29073
29074
29075
29078
29079
29080
29101
29104
29105
29107
29108
29112
29113
29115
29118
29122
29123
29125
29126
29127
29128
29129
29130
29132
29133
29135
29137
29142
29145
29146
29150
29152
29153
29154
29160
29163
29164
29166
29168
29169
29170
29172
29175
29177
29178
29180
29201
29202
29203
29204
29205
29206
29207
29209
29210
29212
29223
29229
29355
29432
29448
29471
29477
29481
29493
29550
29704
29706
29708
29712
29714
29715
29720
29724
29726
29729
29730
29732
29801
29803
29805
29809
29816
29817
29822
29824
29826
29828
29829
29831
29832
29834
29841
29842
29843
29847
29850
29851
29853
29856
29860
30668
30673
30802
30807
30808
30809
30813
30814
30815
30817
30824
30901
30904
30905
30906
30907
30909
33004
33009
33010
33012
33013
33014
33015
33016
33018
33019
33020
33021
33023
33024
33025
33026
33027
33028
33029
33030
33031
33032
33033
33035
33054
33055
33056
33060
33062
33063
33064
33065
33066
33067
33068
33069
33071
33073
33076
33109
33122
33125
33126
33127
33128
33129
33130
33131
33132
33133
33134
33135
33136
33137
33138
33139
33140
33141
33142
33143
33144
33145
33146
33147
33149
33150
33154
33155
33156
33157
33158
33160
33161
33162
33165
33166
33167
33168
33169
33170
33172
33173
33174
33175
33176
33177
33178
33179
33180
33181
33182
33183
33184
33185
33186
33187
33189
33190
33193
33194
33196
33301
33304
33305
33306
33308
33309
33311
33312
33313
33314
33315
33316
33317
33319
33321
33322
33323
33324
33325
33326
33327
33328
33330
33331
33332
33334
33351
33388
33394
33401
33403
33405
33406
33407
33409
33411
33412
33413
33414
33415
33417
33426
33428
33431
33432
33433
33434
33435
33436
33437
33441
33442
33444
33445
33446
33460
33461
33462
33463
33467
33480
33483
33484
33486
33487
33496
33498
89004
89005
89011
89012
89014
89015
89018
89019
89030
89031
89032
89039
89040
89046
89052
89101
89102
89103
89104
89106
89107
89108
89109
89110
89113
89115
89117
89118
89119
89120
89121
89122
89123
89124
89128
89129
89130
89131
89134
89135
89139
89141
89142
89144
89145
89146
89147
89148
89149
89156
89191
92364
83605
83607
83616
83617
83619
83626
83628
83629
83634
83639
83641
83642
83644
83650
83651
83655
83656
83660
83661
83669
83670
83676
83686
83687
83702
83703
83704
83705
83706
83709
83712
83713
83714
83716
79821
79835
79839
79902
79903
79904
79906
79907
79908
79912
79915
79922
79924
79925
79927
79930
79932
79934
79935
79936
79938
66015
66710
66713
66714
66717
66720
66724
66725
66732
66733
66735
66736
66740
66743
66746
66748
66749
66751
66753
66757
66758
66759
66761
66762
66763
66771
66772
66773
66775
66776
66777
66778
66780
66781
66782
66783
66839
66852
66857
66863
66870
67012
67024
67038
67047
67102
67122
67137
67301
67330
67332
67333
67334
67335
67336
67337
67340
67341
67342
67344
67345
67346
67347
67349
67351
67352
67353
67354
67355
67356
67357
67360
67361
67363
67364
74001
74002
74003
74006
74021
74022
74027
74029
74042
74048
74051
74053
74056
74061
74070
74072
74080
74083
74126
74130
74335
73002
73003
73004
73005
73007
73008
73009
73010
73011
73013
73014
73016
73017
73018
73020
73022
73026
73027
73028
73031
73033
73034
73036
73040
73042
73043
73044
73045
73047
73048
73049
73050
73051
73053
73054
73057
73058
73059
73063
73064
73065
73066
73067
73068
73069
73071
73072
73074
73075
73078
73079
73080
73084
73089
73090
73092
73093
73095
73097
73099
73102
73103
73104
73105
73106
73107
73108
73109
73110
73111
73112
73114
73115
73116
73117
73118
73119
73120
73121
73122
73127
73128
73129
73130
73131
73132
73134
73135
73139
73141
73142
73145
73149
73150
73151
73159
73160
73162
73165
73169
73170
73173
73179
73734
73742
73750
73756
73762
73764
74023
74026
74028
74030
74059
74062
74068
74074
74075
74079
74085
74801
74804
74824
74826
74830
74831
74832
74834
74840
74851
74852
74854
74855
74857
74864
74866
74869
74873
74875
74878
74881
06001
06002
06010
06013
06019
06020
06022
06023
06031
06032
06037
06039
06051
06052
06053
06057
06062
06067
06069
06070
06073
06081
06085
06089
06092
06103
06105
06106
06107
06109
06110
06111
06112
06114
06117
06119
06120
06401
06403
06405
06410
06412
06416
06417
06418
06419
06422
06424
06437
06438
06441
06450
06451
06455
06457
06460
06468
06469
06470
06471
06472
06473
06477
06478
06479
06480
06481
06482
06483
06484
06488
06489
06492
06504
06510
06511
06512
06513
06514
06515
06516
06517
06518
06519
06524
06525
06604
06605
06606
06607
06608
06610
06611
06612
06614
06702
06704
06705
06706
06708
06710
06712
06716
06750
06751
06752
06754
06755
06756
06757
06759
06762
06763
06770
06776
06777
06778
06779
06782
06783
06784
06785
06786
06787
06790
06791
06793
06794
06795
06796
06798
06801
06804
06807
06810
06811
06812
06831
06840
06850
06851
06877
06880
06883
06896
06897
06903
06905
06906
06907
07401
07410
07417
07423
07430
07432
07436
07446
07450
07452
07456
07458
07463
07481
07506
07508
07624
07627
07628
07630
07640
07641
07642
07645
07646
07647
07648
07649
07652
07656
07661
07675
10501
10502
10503
10504
10506
10507
10509
10510
10511
10512
10514
10516
10518
10519
10520
10522
10523
10524
10526
10527
10530
10532
10533
10535
10536
10537
10541
10546
10547
10548
10549
10560
10562
10566
10567
10570
10576
10577
10578
10579
10588
10589
10590
10591
10594
10595
10597
10598
10601
10603
10604
10606
10607
10706
10901
10913
10917
10920
10923
10926
10927
10928
10931
10952
10954
10956
10960
10962
10964
10965
10968
10970
10974
10975
10976
10977
10980
10983
10984
10986
10987
10989
10993
10994
10996
12501
12508
12518
12520
12522
12524
12531
12533
12540
12542
12545
12563
12564
12569
12570
12582
12585
12590
12592
12594
12603
25003
25005
25009
25011
25015
25019
25024
25025
25030
25031
25033
25035
25036
25039
25040
25043
25045
25049
25051
25057
25059
25063
25064
25067
25070
25071
25081
25082
25085
25086
25088
25090
25102
25103
25106
25107
25109
25110
25111
25113
25115
25123
25124
25125
25126
25132
25133
25134
25141
25143
25154
25159
25160
25162
25164
25165
25168
25169
25177
25187
25202
25211
25213
25214
25231
25234
25235
25239
25241
25243
25244
25245
25247
25248
25251
25252
25253
25259
25260
25261
25262
25264
25265
25266
25267
25268
25270
25271
25275
25276
25285
25286
25287
25301
25302
25303
25304
25306
25309
25311
25312
25313
25314
25315
25320
25501
25502
25503
25504
25506
25507
25510
25512
25515
25517
25520
25521
25523
25526
25529
25530
25535
25537
25540
25541
25544
25545
25550
25555
25559
25560
25564
25567
25570
25571
25573
25701
25702
25703
25704
25705
25812
25840
25938
26133
26141
26147
26151
26164
26610
26617
26623
26636
26638
26651
26656
26660
26667
26671
26690
26691
45613
45614
45619
45620
45621
45623
45629
45631
45634
45638
45640
45645
45653
45656
45658
45659
45662
45669
45672
45674
45678
45680
45682
45685
45686
45688
45692
45694
45695
45696
45698
45701
45710
45719
45735
45741
45743
45760
45766
45769
45770
45771
45772
45775
45776
45779
45780
01010
01057
01068
01069
01081
01083
01092
01420
01432
01450
01451
01452
01453
01460
01462
01464
01467
01473
01501
01503
01504
01505
01506
01507
01510
01515
01516
01518
01519
01520
01521
01522
01523
01524
01527
01529
01531
01532
01534
01535
01536
01537
01540
01541
01542
01543
01545
01550
01560
01562
01564
01566
01568
01569
01570
01571
01581
01583
01585
01588
01590
01602
01603
01604
01605
01606
01607
01608
01609
01610
01611
01612
01701
01702
01718
01719
01720
01721
01730
01731
01740
01741
01742
01745
01746
01747
01748
01749
01752
01754
01756
01757
01760
01770
01772
01773
01775
01776
01778
01801
01803
01810
01821
01824
01843
01845
01850
01851
01852
01854
01862
01863
01864
01867
01876
01880
01886
01887
01890
01902
01904
01905
01906
01907
01908
01915
01921
01923
01929
01930
01938
01940
01944
01945
01949
01960
01969
01970
01982
01983
01984
02019
02021
02025
02026
02030
02032
02035
02038
02043
02045
02048
02050
02052
02053
02054
02056
02061
02062
02066
02067
02071
02072
02081
02090
02093
02108
02109
02110
02111
02113
02114
02115
02116
02118
02119
02120
02121
02122
02124
02125
02126
02127
02128
02129
02130
02131
02132
02134
02135
02136
02138
02139
02140
02141
02142
02143
02144
02145
02148
02149
02150
02151
02152
02155
02163
02169
02170
02171
02176
02180
02184
02186
02188
02189
02190
02191
02199
02210
02215
02222
02301
02302
02322
02324
02330
02332
02333
02338
02339
02341
02343
02346
02347
02351
02356
02358
02359
02360
02364
02366
02367
02368
02370
02375
02379
02382
02420
02421
02445
02446
02451
02452
02453
02458
02459
02460
02461
02462
02464
02465
02466
02467
02468
02472
02474
02476
02478
02481
02482
02492
02493
02494
02532
02534
02536
02537
02538
02540
02542
02543
02556
02558
02559
02563
02568
02571
02576
02601
02630
02631
02632
02633
02635
02638
02639
02642
02644
02645
02646
02647
02648
02649
02650
02652
02653
02655
02657
02659
02660
02661
02664
02666
02667
02668
02669
02670
02671
02672
02673
02675
02702
02703
02713
02715
02717
02718
02719
02720
02721
02723
02724
02725
02726
02738
02739
02740
02743
02744
02745
02746
02747
02748
02760
02762
02763
02764
02766
02767
02769
02770
02771
02777
02779
02780
02790
02804
02806
02808
02809
02812
02813
02814
02815
02816
02817
02818
02822
02825
02827
02828
02830
02831
02832
02833
02835
02836
02837
02838
02839
02840
02842
02852
02857
02858
02859
02860
02861
02863
02864
02865
02871
02874
02875
02878
02879
02881
02882
02885
02886
02888
02889
02891
02892
02893
02894
02895
02896
02898
02903
02904
02905
02906
02907
02908
02909
02910
02911
02914
02915
02916
02917
02919
02920
02921
06029
06066
06071
06076
06084
06226
06231
06232
06234
06235
06237
06238
06239
06241
06242
06247
06248
06249
06250
06254
06255
06256
06259
06260
06262
06264
06266
06268
06269
06277
06278
06279
06280
06281
06282
06320
06330
06331
06333
06334
06335
06336
06339
06340
06351
06354
06355
06357
06359
06360
06365
06370
06371
06373
06374
06375
06377
06378
06379
06380
06382
06384
06385
06415
06420
06447
77002
77003
77004
77005
77006
77007
77008
77009
77010
77011
77012
77013
77014
77015
77016
77017
77018
77019
77020
77021
77022
77023
77024
77025
77026
77027
77028
77029
77030
77031
77032
77033
77034
77035
77036
77037
77038
77039
77040
77041
77042
77043
77044
77045
77046
77047
77048
77049
77050
77051
77053
77054
77055
77056
77057
77058
77059
77060
77061
77062
77063
77064
77065
77066
77067
77068
77069
77070
77071
77072
77073
77074
77075
77076
77077
77078
77079
77080
77081
77082
77083
77084
77085
77086
77087
77088
77089
77090
77091
77092
77093
77094
77095
77096
77098
77099
77301
77302
77303
77304
77306
77316
77318
77327
77333
77336
77338
77339
77340
77341
77345
77346
77354
77355
77356
77357
77358
77362
77363
77365
77371
77372
77373
77375
77378
77379
77380
77381
77382
77384
77385
77386
77388
77389
77396
77401
77412
77417
77418
77420
77423
77426
77429
77430
77433
77434
77435
77437
77441
77443
77444
77445
77446
77447
77448
77449
77450
77451
77454
77459
77461
77463
77464
77466
77467
77468
77469
77471
77473
77474
77476
77477
77478
77479
77480
77481
77482
77484
77485
77486
77488
77489
77493
77494
77502
77503
77504
77505
77506
77507
77511
77514
77517
77518
77520
77521
77530
77532
77533
77535
77536
77538
77539
77545
77546
77547
77560
77561
77562
77564
77565
77571
77573
77575
77578
77581
77582
77583
77584
77586
77587
77597
77598
77833
77868
77880
78933
78935
78938
78943
78944
78950
29810
29827
29846
29906
29910
29911
29916
29918
29921
29922
29923
29924
29927
29932
29934
29936
29939
29940
29941
29943
29944
29945
30448
30464
30471
29001
29003
29018
29030
29038
29039
29042
29047
29048
29051
29052
29053
29056
29059
29061
29080
29081
29082
29102
29104
29107
29111
29112
29113
29114
29115
29118
29125
29133
29135
29142
29148
29150
29154
29160
29162
29163
29168
29172
29209
29401
29403
29404
29405
29406
29407
29412
29414
29418
29420
29423
29426
29429
29430
29431
29432
29434
29435
29436
29437
29438
29439
29440
29445
29446
29448
29449
29450
29451
29452
29453
29455
29456
29458
29461
29464
29466
29468
29469
29470
29471
29472
29474
29475
29477
29479
29481
29482
29483
29485
29487
29488
29492
29493
29510
29518
29564
29590
29843
29916
29929
29940
29941
29945
14048
14062
14063
14136
14138
14701
14710
14712
14716
14718
14723
14724
14726
14728
14733
14736
14738
14740
14747
14750
14757
14767
14769
14775
14781
14782
14784
14787
16020
16030
16035
16038
16110
16111
16113
16114
16124
16125
16127
16130
16131
16133
16134
16137
16145
16150
16151
16153
16154
16156
16311
44003
44004
44010
44030
44032
44041
44047
44048
44076
44082
44084
44085
44093
44404
44417
44428
28102
28119
28301
28303
28304
28305
28306
28307
28311
28314
28315
28318
28320
28330
28332
28337
28338
28340
28343
28345
28347
28348
28351
28352
28357
28358
28360
28362
28363
28364
28369
28371
28372
28373
28376
28377
28378
28379
28382
28383
28384
28386
28387
28391
28392
28394
28396
28399
28430
28431
28432
28433
28434
28438
28439
28442
28450
28463
28472
29001
29009
29010
29018
29020
29030
29032
29040
29044
29045
29046
29047
29048
29051
29052
29056
29059
29062
29067
29069
29074
29078
29079
29080
29101
29102
29104
29111
29114
29125
29128
29142
29148
29150
29152
29153
29154
29161
29162
29163
29168
29175
29206
29501
29505
29506
29511
29512
29516
29518
29519
29520
29525
29526
29527
29530
29532
29536
29540
29541
29543
29544
29545
29546
29547
29550
29555
29556
29560
29563
29564
29565
29567
29569
29570
29571
29574
29577
29579
29580
29581
29583
29584
29589
29590
29591
29592
29593
29594
29596
29709
29718
29727
29728
29741
27501
27504
27506
27508
27511
27520
27521
27524
27526
27529
27530
27534
27542
27545
27555
27557
27568
27569
27571
27576
27577
27591
27592
27597
27601
27603
27604
27605
27606
27607
27608
27609
27610
27612
27615
27616
27801
27803
27804
27807
27809
27813
27816
27822
27823
27827
27828
27829
27830
27834
27851
27852
27856
27858
27863
27864
27873
27878
27880
27882
27883
27884
27888
27891
27893
27896
28301
28303
28304
28305
28306
28311
28318
28325
28328
28333
28334
28339
28341
28342
28344
28349
28356
28365
28366
28382
28385
28391
28393
28395
28398
28425
28441
28447
28453
28458
28464
28466
28478
28501
28504
28508
28513
28518
28521
28523
28525
28526
28530
28538
28540
28551
28554
28555
28562
28572
28573
28574
28578
28580
28585
28590
90001
90002
90003
90004
90005
90006
90007
90008
90010
90011
90012
90013
90014
90015
90016
90017
90018
90019
90020
90021
90022
90023
90024
90025
90026
90027
90028
90029
90031
90032
90033
90034
90035
90036
90037
90038
90039
90040
90041
90042
90043
90044
90045
90046
90047
90048
90049
90056
90057
90058
90059
90061
90062
90063
90064
90065
90066
90067
90068
90069
90071
90077
90201
90210
90211
90212
90220
90221
90222
90230
90232
90240
90241
90242
90245
90247
90248
90249
90250
90254
90255
90260
90261
90262
90263
90265
90266
90270
90272
90274
90275
90277
90278
90280
90290
90291
90292
90293
90301
90302
90303
90304
90305
90401
90402
90403
90404
90405
90501
90502
90503
90504
90505
90601
90602
90603
90604
90605
90606
90620
90621
90623
90630
90631
90638
90640
90650
90660
90670
90680
90701
90703
90706
90710
90712
90713
90715
90716
90717
90720
90723
90731
90732
90740
90742
90743
90744
90745
90746
90802
90803
90804
90805
90806
90807
90808
90810
90813
90814
90815
90822
91001
91006
91007
91010
91011
91016
91020
91024
91030
91040
91042
91101
91103
91104
91105
91106
91107
91108
91201
91202
91203
91204
91205
91206
91207
91208
91214
91301
91302
91303
91304
91306
91307
91311
91316
91320
91321
91324
91325
91326
91331
91335
91340
91342
91343
91344
91345
91350
91351
91352
91354
91355
91356
91360
91361
91362
91364
91367
91377
91381
91384
91401
91402
91403
91405
91406
91411
91423
91436
91501
91502
91504
91505
91506
91601
91602
91604
91605
91606
91607
91608
91701
91702
91706
91709
91710
91711
91722
91723
91724
91730
91731
91732
91733
91737
91739
91740
91741
91743
91744
91745
91746
91748
91750
91752
91754
91755
91759
91761
91762
91763
91764
91765
91766
91767
91768
91770
91773
91775
91776
91780
91784
91786
91789
91790
91791
91792
91801
91803
92313
92316
92318
92324
92335
92336
92337
92354
92358
92371
92373
92376
92377
92397
92401
92405
92407
92408
92410
92411
92501
92503
92504
92505
92506
92507
92508
92509
92518
92530
92532
92548
92551
92553
92555
92557
92562
92567
92570
92571
92584
92585
92586
92587
92595
92602
92604
92606
92610
92612
92614
92618
92620
92624
92625
92626
92627
92629
92630
92646
92647
92648
92649
92651
92653
92655
92656
92657
92660
92661
92662
92663
92672
92673
92675
92676
92677
92679
92683
92688
92691
92692
92694
92701
92703
92704
92705
92706
92707
92708
92780
92782
92801
92802
92804
92805
92806
92807
92808
92821
92823
92831
92832
92833
92835
92840
92841
92843
92844
92845
92860
92861
92865
92866
92867
92868
92869
92870
92879
92880
92881
92882
92883
92886
92887
93001
93003
93004
93010
93012
93015
93021
93022
93023
93030
93033
93035
93040
93060
93063
93065
93066
93510
93532
93543
93550
93551
93552
93553
93563
38001
38002
38004
38006
38008
38011
38012
38015
38017
38018
38019
38021
38023
38028
38034
38036
38037
38039
38040
38041
38042
38044
38046
38049
38050
38052
38053
38057
38058
38060
38061
38063
38066
38067
38068
38069
38075
38076
38103
38104
38105
38106
38107
38108
38109
38111
38112
38114
38115
38116
38117
38118
38119
38120
38122
38125
38126
38127
38128
38131
38132
38133
38134
38135
38138
38139
38141
38157
38301
38305
38337
38343
38355
38356
38362
38366
38378
38381
38391
38392
38601
38603
38606
38609
38610
38611
38617
38618
38619
38620
38621
38623
38626
38627
38629
38631
38632
38633
38635
38637
38639
38641
38642
38644
38645
38646
38647
38649
38650
38651
38652
38654
38655
38658
38659
38661
38664
38665
38666
38668
38670
38671
38672
38673
38676
38677
38680
38685
38871
38927
38948
38949
38965
90001
90002
90003
90004
90005
90006
90007
90008
90010
90011
90012
90013
90014
90015
90016
90017
90018
90019
90020
90021
90022
90023
90024
90025
90026
90027
90028
90029
90031
90032
90033
90034
90035
90036
90037
90038
90039
90040
90041
90042
90043
90044
90045
90046
90047
90048
90049
90056
90057
90058
90059
90061
90062
90063
90064
90065
90066
90067
90068
90069
90071
90077
90201
90210
90211
90212
90220
90221
90222
90230
90232
90240
90241
90242
90245
90247
90248
90249
90250
90254
90255
90260
90261
90262
90266
90270
90278
90280
90291
90292
90301
90302
90303
90304
90305
90403
90404
90405
90501
90502
90503
90504
90505
90601
90602
90603
90604
90605
90606
90620
90621
90623
90630
90631
90638
90640
90650
90660
90670
90680
90701
90703
90706
90710
90712
90713
90715
90716
90717
90720
90723
90740
90742
90743
90744
90745
90746
90802
90803
90804
90805
90806
90807
90808
90810
90813
90814
90815
90822
91001
91006
91007
91010
91011
91016
91020
91024
91030
91101
91103
91104
91105
91106
91107
91108
91201
91202
91203
91204
91205
91206
91207
91208
91214
91401
91403
91411
91423
91436
91501
91502
91504
91505
91506
91601
91602
91604
91605
91606
91607
91608
91701
91702
91706
91709
91710
91711
91722
91723
91724
91730
91731
91732
91733
91737
91739
91740
91741
91743
91744
91745
91746
91748
91750
91752
91754
91755
91759
91761
91762
91763
91764
91765
91766
91767
91768
91770
91773
91775
91776
91780
91784
91786
91789
91790
91791
91792
91801
91803
92003
92008
92009
92024
92026
92027
92028
92029
92054
92056
92057
92059
92060
92061
92069
92078
92082
92083
92084
92211
92220
92223
92230
92234
92240
92256
92258
92260
92262
92264
92270
92276
92282
92301
92305
92307
92308
92313
92316
92317
92318
92320
92321
92324
92325
92335
92336
92337
92339
92341
92342
92345
92346
92352
92354
92358
92359
92368
92371
92372
92373
92374
92376
92377
92382
92392
92394
92397
92399
92401
92404
92405
92407
92408
92410
92411
92501
92503
92504
92505
92506
92507
92508
92509
92518
92530
92532
92536
92539
92543
92544
92545
92548
92549
92551
92553
92555
92557
92561
92562
92563
92567
92570
92571
92582
92583
92584
92585
92586
92587
92590
92591
92592
92595
92596
92602
92604
92606
92610
92612
92614
92618
92620
92624
92625
92626
92627
92629
92630
92646
92647
92648
92649
92651
92653
92655
92656
92657
92660
92661
92662
92663
92672
92673
92675
92676
92677
92679
92683
92688
92691
92692
92694
92701
92703
92704
92705
92706
92707
92708
92780
92782
92801
92802
92804
92805
92806
92807
92808
92821
92823
92831
92832
92833
92835
92840
92841
92843
92844
92845
92860
92861
92865
92866
92867
92868
92869
92870
92879
92880
92881
92882
92883
92886
92887
93516
93535
93543
93544
93550
93552
93553
93563
93591
62009
62023
62033
62056
62058
62069
62074
62077
62081
62085
62086
62089
62091
62092
62093
62533
62626
62672
63005
63010
63011
63012
63014
63015
63016
63017
63019
63020
63021
63023
63025
63026
63028
63030
63031
63033
63034
63038
63039
63040
63041
63042
63043
63044
63048
63049
63050
63051
63052
63055
63060
63061
63068
63069
63070
63072
63074
63077
63084
63087
63088
63089
63090
63101
63102
63103
63104
63105
63106
63107
63108
63109
63110
63111
63112
63113
63114
63115
63116
63117
63118
63119
63120
63121
63122
63123
63124
63125
63126
63127
63128
63129
63130
63131
63132
63133
63134
63135
63136
63137
63138
63139
63140
63141
63143
63144
63146
63147
63301
63303
63304
63332
63341
63347
63348
63349
63350
63351
63357
63362
63366
63367
63369
63370
63373
63376
63379
63381
63383
63385
63386
63389
63390
63626
33510
33511
33523
33525
33527
33534
33540
33541
33543
33544
33547
33549
33556
33565
33566
33567
33569
33570
33572
33573
33576
33584
33592
33594
33598
33602
33603
33604
33605
33606
33607
33609
33610
33611
33612
33613
33614
33615
33616
33617
33618
33619
33620
33621
33624
33625
33626
33629
33634
33635
33637
33647
33701
33702
33703
33704
33705
33706
33707
33708
33709
33710
33711
33712
33713
33714
33715
33716
33755
33756
33759
33760
33761
33762
33763
33764
33765
33767
33770
33771
33772
33773
33774
33776
33777
33778
33781
33782
33785
33786
33801
33803
33805
33809
33810
33811
33813
33815
33823
33834
33835
33839
33841
33847
33849
33850
33860
33868
33873
33880
33881
33890
33920
34266
34268
34606
34608
34609
34610
34639
34652
34653
34654
34655
34667
34668
34669
34677
34679
34681
34683
34684
34685
34689
34690
34691
34695
34698
79001
79002
79007
79010
79012
79013
79015
79018
79019
79025
79029
79032
79036
79039
79042
79044
79045
79052
79057
79063
79065
79068
79072
79078
79088
79091
79092
79097
79098
79101
79102
79103
79104
79106
79107
79108
79109
79110
79111
79118
79119
79121
79124
79226
79240
71007
71009
71033
71060
71119
71129
75103
75117
75124
75127
75140
75169
75410
75417
75431
75440
75444
75451
75455
75457
75471
75472
75478
75480
75493
75494
75497
75558
75560
75562
75563
75564
75566
75568
75571
75574
75601
75602
75603
75604
75605
75630
75631
75633
75636
75638
75639
75640
75641
75643
75644
75647
75650
75651
75652
75654
75656
75657
75661
75662
75667
75668
75669
75670
75672
75680
75681
75683
75684
75686
75691
75692
75693
75701
75702
75703
75704
75705
75706
75707
75708
75709
75750
75754
75755
75756
75757
75758
75759
75762
75763
75764
75765
75766
75770
75771
75773
75778
75782
75783
75784
75789
75790
75791
75792
75946
35016
35019
35055
35057
35058
35083
35087
35175
35179
35601
35603
35610
35611
35613
35614
35618
35619
35620
35621
35622
35640
35643
35647
35649
35652
35670
35671
35673
35739
35740
35741
35742
35744
35745
35746
35747
35748
35749
35750
35751
35752
35754
35755
35756
35757
35758
35759
35760
35761
35763
35764
35766
35768
35769
35771
35772
35773
35774
35775
35776
35801
35802
35803
35805
35806
35808
35810
35811
35816
35824
35950
35958
35976
37018
37019
37020
37026
37034
37037
37047
37060
37091
37127
37128
37144
37153
37160
37180
37183
37301
37306
37313
37318
37324
37328
37330
37334
37335
37340
37342
37345
37347
37348
37352
37355
37356
37357
37359
37360
37366
37374
37375
37376
37380
37387
37388
37394
37396
37398
38449
38451
38453
38459
38460
38472
38473
38477
38478
38488
32110
32114
32117
32118
32119
32124
32127
32130
32132
32136
32141
32164
32168
32169
32174
32176
32701
32703
32706
32707
32708
32709
32712
32713
32714
32720
32724
32725
32730
32732
32738
32744
32746
32750
32751
32754
32757
32759
32763
32764
32765
32766
32771
32773
32775
32776
32778
32779
32780
32789
32792
32796
32798
32801
32803
32804
32805
32806
32807
32808
32809
32810
32811
32812
32817
32818
32819
32820
32821
32822
32824
32825
32826
32827
32828
32829
32831
32832
32833
32835
32836
32837
32839
32901
32903
32904
32905
32907
32908
32909
32920
32922
32925
32926
32927
32931
32934
32935
32937
32940
32948
32949
32950
32951
32952
32953
32955
32958
32960
32963
32967
32968
32970
32976
33837
33848
33850
33851
33881
34705
34711
34734
34737
34741
34743
34744
34746
34747
34756
34758
34759
34760
34761
34769
34771
34772
34786
34787
23843
23856
24078
24148
27006
27009
27012
27016
27018
27019
27021
27023
27025
27027
27028
27040
27042
27043
27045
27046
27048
27050
27051
27052
27055
27101
27103
27104
27105
27106
27107
27109
27127
27202
27203
27207
27208
27209
27212
27214
27215
27217
27229
27231
27233
27235
27239
27242
27243
27244
27248
27249
27252
27253
27256
27258
27260
27262
27263
27265
27278
27282
27283
27284
27288
27291
27292
27295
27298
27299
27301
27302
27305
27310
27311
27312
27313
27314
27315
27316
27317
27320
27325
27326
27330
27341
27342
27343
27344
27349
27350
27355
27356
27357
27358
27360
27370
27371
27377
27379
27401
27403
27405
27406
27407
27408
27409
27410
27455
27501
27502
27503
27504
27505
27506
27507
27508
27509
27510
27511
27513
27514
27516
27520
27521
27522
27524
27525
27526
27529
27530
27534
27536
27540
27541
27542
27544
27545
27549
27551
27553
27555
27557
27559
27560
27562
27563
27565
27568
27569
27570
27571
27572
27573
27576
27577
27581
27582
27583
27584
27587
27589
27591
27592
27596
27597
27601
27603
27604
27605
27606
27607
27608
27609
27610
27612
27613
27614
27615
27616
27701
27703
27704
27705
27706
27707
27712
27713
27801
27803
27804
27805
27807
27809
27812
27813
27816
27817
27819
27820
27822
27823
27827
27828
27829
27830
27831
27832
27834
27837
27839
27840
27841
27842
27843
27844
27845
27847
27849
27850
27851
27852
27853
27856
27857
27858
27862
27863
27864
27866
27869
27870
27871
27872
27873
27874
27876
27877
27878
27880
27882
27883
27884
27886
27888
27890
27891
27892
27893
27896
27897
27967
27983
28001
28009
28071
28072
28109
28127
28137
28144
28146
28159
28325
28333
28334
28341
28365
28366
28367
28368
28513
28530
28538
28551
28554
28578
28580
28590
73054
74001
74002
74003
74006
74008
74010
74011
74012
74014
74015
74016
74017
74020
74021
74023
74026
74027
74028
74029
74030
74033
74034
74035
74036
74037
74038
74039
74041
74042
74044
74045
74047
74048
74050
74051
74052
74053
74054
74055
74058
74060
74061
74063
74066
74068
74070
74071
74073
74079
74080
74081
74084
74085
74103
74104
74105
74106
74107
74108
74110
74112
74114
74115
74116
74117
74119
74120
74126
74127
74128
74129
74130
74131
74132
74133
74134
74135
74136
74137
74145
74146
74301
74330
74331
74332
74337
74340
74342
74349
74350
74352
74361
74364
74365
74366
74367
74401
74403
74421
74422
74423
74426
74427
74428
74429
74431
74432
74434
74435
74436
74437
74438
74440
74441
74445
74446
74447
74450
74451
74452
74454
74455
74456
74459
74460
74461
74463
74467
74468
74469
74470
74471
74472
74650
74824
74829
74832
74833
74834
74860
74869
74875
74880
74881
74962