62203
62207
62217
62220
62222
62223
62226
62237
62239
62243
62248
62255
62257
62260
62264
62282
62285
62286
62288
62292
62208
62214
62215
62216
62218
62219
62221
62225
62230
62231
62245
62250
62252
62254
62258
62263
62265
62266
62268
62269
62271
62289
62293
62001
62011
62015
62017
62019
62025
62026
62032
62034
62046
62048
62049
62051
62056
62058
62061
62062
62069
62074
62075
62076
62077
62084
62085
62086
62087
62088
62089
62091
62094
62097
62246
62247
62249
62253
62262
62273
62275
62281
62284
62294
63105
63112
63117
63119
63124
63143
63144
63171
63195
63042
63043
63044
63074
63134
63145
63146
63021
63088
63131
63141
63026
63049
63099
63122
63126
63127
62013
62031
62036
62037
62047
63045
63301
63302
63303
63376
62236
63123
63125
63128
63129
63151
62059
62071
62090
62201
62202
62206
62240
63101
63102
63103
63104
63106
63107
63108
63109
63110
63111
63113
63116
63118
63139
63150
63155
63156
63157
63158
63160
63163
63164
63166
63169
63177
63178
63179
63180
63182
63188
63197
63199
63115
63135
63136
63137
63138
63147
62298
63010
63012
63016
63051
63052
63053
63057
62006
62065
63366
63367
63368
63369
63011
63013
63015
63022
63024
63025
63038
63039
63040
63055
63069
63072
63073
63077
63079
63080
63084
63089
63332
63304
63338
62045
62070
63014
63037
63056
63068
63090
63091
63330
63333
63334
63336
63342
63343
63344
63346
63347
63348
63349
63350
63351
63357
63359
63361
63362
63363
63365
63370
63377
63378
63379
63381
63383
63384
63385
63387
63389
63390
65036
65041
65062
65066
65069
62233
62241
62242
62244
62256
62259
62261
62277
62278
62279
62295
62297
63019
63020
63023
63028
63030
63036
63041
63047
63048
63050
63060
63061
63065
63066
63070
63071
63087
63601
63621
63622
63623
63624
63625
63626
63627
63628
63629
63630
63631
63637
63640
63645
63648
63650
63651
63653
63656
63660
63663
63664
63670
63674
63620
63632
63633
63636
63638
63654
63655
63662
63665
63666
63675
63801
63822
63825
63827
63828
63833
63837
63841
63846
63847
63848
63850
63852
63857
63860
63862
63863
63866
63867
63868
63869
63870
63873
63874
63878
63879
63880
63901
63902
63931
63932
63933
63934
63935
63936
63937
63938
63939
63940
63941
63942
63943
63944
63945
63950
63951
63952
63953
63954
63955
63956
63957
63960
63961
63962
63964
63965
63966
63967
63031
63032
63033
63034
63373
63114
63120
63121
63130
63132
63133
63140
63167
62002
62009
62010
62012
62014
62018
62021
62022
62023
62024
62027
62028
62030
62033
62035
62052
62054
62063
62067
62079
62081
62093
62095
63386
62040
62060
62204
62205
62232
62234
63005
63006
63017
63341
63339
63353
63382
63433
63441
63459
63345
63352
63388
65010
65016
65018
65023
65024
65025
65039
65043
65046
65051
65054
65055
65059
65061
65063
65067
65068
65077
65080
65081
65101
65102
65103
65104
65105
65106
65107
65108
65109
65110
65111
65201
65202
65203
65205
65211
65212
65215
65216
65217
65218
65230
65231
65232
65233
65236
65237
65239
65240
65243
65244
65246
65248
65250
65251
65254
65255
65256
65257
65258
65259
65261
65262
65263
65264
65265
65270
65274
65275
65276
65278
65279
65280
65281
65282
65284
65285
65287
65299
78202
78203
78204
78205
78206
78207
78208
78210
78214
78215
78235
78283
78291
78292
78293
78294
78295
78296
78297
78298
78299
78217
78218
78219
78239
78244
78265
78280
78284
78285
78289
78201
78228
78229
78238
78240
78268
78232
78247
78248
78270
78002
78016
78017
78039
78052
78054
78057
78059
78061
78227
78245
78251
78252
78230
78231
78249
78256
78257
78269
78278
78288
78005
78011
78012
78021
78050
78065
78069
78073
78211
78221
78224
78225
78226
78236
78237
78242
78243
78264
78209
78212
78213
78216
78234
78246
78279
78023
78255
78258
78259
78260
78261
78108
78109
78148
78150
78154
78233
78266
78006
78015
78063
78074
78003
78013
78009
78056
78066
78250
78253
78254
78802
78829
78850
78861
78870
78881
78886
78008
78026
78062
78064
78075
78101
78112
78113
78114
78117
78118
78144
78145
78147
78152
78161
78220
78222
78223
78263
78004
78027
78070
78133
78163
78111
78115
78116
78121
78122
78123
78140
78143
78155
78156
78159
78160
78124
78130
78131
78132
78135
78072
78119
78801
48302
48320
48324
48328
48341
48342
48343
48015
48088
48089
48090
48091
48093
48212
48397
48185
48186
48187
48152
48332
48335
48375
48007
48009
48012
48017
48073
48084
48098
48099
48303
48304
48026
48035
48066
48081
48082
48313
48314
48315
48317
48192
48195
48123
48124
48125
48127
48128
48135
48136
48141
48025
48033
48034
48037
48072
48075
48076
48086
48301
48021
48080
48205
48207
48213
48214
48215
48224
48225
48230
48234
48236
48266
48103
48104
48105
48106
48107
48108
48109
48110
48113
48115
48118
48130
48158
48159
48160
48176
48190
48191
48197
48198
49229
49236
49286
48331
48382
48390
48391
48114
48116
48139
48143
48189
48353
48380
48085
48306
48307
48308
48309
48327
48329
48346
48347
48348
48350
48356
48357
48383
48386
48387
48030
48067
48068
48069
48070
48071
48083
48092
48006
48022
48027
48032
48040
48049
48059
48060
48061
48074
48079
48097
48401
48419
48422
48427
48434
48441
48450
48454
48456
48465
48466
48469
48470
48471
48001
48004
48023
48028
48039
48041
48047
48048
48050
48051
48054
48062
48063
48064
48165
48178
48374
48376
48377
48381
48393
48117
48134
48138
48164
48166
48173
48179
48183
48193
48310
48311
48312
48418
48430
48436
48442
48451
48816
48150
48151
48153
48154
48223
48239
48240
48360
48361
48362
48363
48366
48367
48370
48371
48462
48111
48112
48184
48188
48137
48169
48836
48843
48844
48855
49285
48121
48126
48201
48204
48208
48210
48216
48222
48226
48228
48231
48232
48233
48243
48244
48255
48260
48264
48265
48267
48268
48269
48272
48275
48277
48278
48279
48002
48003
48005
48065
48094
48095
48096
48316
48318
48167
48168
48170
48175
48321
48326
48330
48340
48359
48322
48323
48325
48333
48334
48336
48036
48038
48042
48043
48044
48045
48046
48174
48180
48242
48101
48120
48122
48146
48209
48217
48218
48229
48473
48532
48554
48555
48411
48423
48437
48438
48463
48501
48502
48503
48505
48506
48509
48519
48550
48556
48746
48014
48410
48412
48416
48421
48426
48428
48435
48440
48444
48446
48453
48455
48461
48464
48472
48475
48727
48729
48741
48744
48760
48439
48480
48507
48529
48551
48552
48553
48557
48415
48420
48433
48457
48458
48504
48531
48414
48429
48449
48460
48476
48616
48649
48806
48807
48817
48831
48833
48841
48857
48866
48867
48874
48162
48202
48203
48206
48211
48219
48220
48221
48227
48235
48237
48238
48288
11352
11355
11358
11361
11365
11367
11368
11416
11417
11419
11420
11436
11374
11375
11379
11381
11385
11386
11415
11418
11421
11424
10458
10461
10466
10467
10468
10469
10470
10471
10475
10004
11201
11215
11217
11218
11219
11220
11226
11231
11232
11241
11242
11411
11412
11413
11425
11430
11434
11499
10464
10538
10550
10551
10552
10553
10801
10802
10803
10804
10805
11050
11051
11052
11053
11054
11055
07620
07647
07648
10502
10503
10522
10530
10583
10701
10702
10703
10704
10705
10706
10707
10708
10709
10710
10964
10976
10302
10303
10311
10314
11101
11102
11103
11104
11106
11222
11377
11378
07732
11204
11214
11223
11224
11228
11252
11351
11354
11356
11357
11359
11360
10307
10308
10309
10312
11207
11208
11212
11236
11239
11256
11414
11692
11693
11695
11105
11369
11370
11371
11372
11373
11380
10460
10462
10465
10472
10473
10474
11023
11024
07020
07024
07632
10025
10026
10027
10029
10030
10031
10032
10033
10034
10035
10037
10039
10040
10115
10116
10451
10452
10453
10454
10455
10456
10457
10459
10463
11364
11366
11405
11423
11427
11431
11432
11433
11435
11439
11451
11202
11205
11206
11211
11213
11216
11221
11225
11233
11237
11238
11243
11245
11247
11249
11251
10301
10304
10305
10306
10310
10313
11209
11203
11210
11229
11230
11234
11235
11694
11697
10001
10002
10003
10009
10010
10011
10012
10013
10014
10016
10018
10036
10038
10095
10108
10109
10113
10114
10117
10118
10119
10120
10121
10122
10123
10125
10129
10130
10138
10156
10157
10158
10159
10160
10161
10165
10178
10185
10199
10213
10272
10273
10276
10277
10278
10292
10017
10019
10020
10021
10022
10023
10028
10044
10055
10065
10069
10075
10087
10101
10102
10103
10104
10105
10106
10107
10110
10111
10112
10124
10126
10128
10131
10132
10133
10150
10151
10152
10153
10154
10155
10162
10163
10164
10166
10167
10168
10169
10170
10171
10172
10173
10174
10175
10176
10177
10179
10259
10261
11109
45032
45068
45305
45370
45385
45419
45420
45429
45440
45441
45459
45301
45324
45341
45384
45401
45403
45404
45410
45424
45430
45431
45432
45433
45434
45435
45437
45469
45481
45482
45304
45309
45315
45320
45321
45322
45332
45337
45338
45345
45346
45347
45354
45358
45361
45371
45377
45378
45381
45382
45383
45402
45405
45406
45412
45413
45414
45415
45416
45417
45422
45423
45426
45428
45490
47341
47355
47374
47375
47392
47393
45005
45066
45325
45327
45330
45342
45343
45409
45439
45448
45449
45458
45470
45475
45479
43070
43318
43331
43333
43343
43346
43348
45302
45303
45306
45308
45310
45312
45317
45318
45326
45328
45331
45333
45334
45336
45339
45340
45348
45350
45351
45352
45353
45356
45359
45360
45362
45363
45365
45367
45373
45374
45380
45388
45389
45390
45801
45802
45804
45805
45806
45807
45819
45822
45826
45828
45833
45838
45845
45846
45850
45860
45862
45865
45866
45869
45870
45871
45883
45884
45885
45887
45888
45895
45896
47371
47380
47381
47382
47390
47394
43010
43072
43078
43083
45314
45316
45319
45323
45344
45349
45368
45369
45372
45387
45501
45502
45503
45504
45505
45506
93606
93608
93627
93630
93660
93704
93705
93722
93723
93728
93765
93790
93791
93792
93793
93794
89010
89047
93512
93514
93515
93546
93602
93605
93611
93612
93613
93619
93634
93642
93651
93657
93664
93667
93710
93726
93740
93529
93604
93614
93626
93643
93644
93645
93650
93669
93711
93720
93729
93730
93755
95389
93220
93241
93304
93309
93384
93385
93387
93389
93205
93226
93285
93301
93305
93306
93308
93386
93388
93206
93251
93263
93302
93303
93312
93314
93380
93202
93204
93210
93230
93232
93234
93239
93242
93245
93246
93266
93607
93624
93656
93207
93208
93218
93247
93257
93258
93260
93265
93267
93270
93271
93526
93652
93701
93702
93703
93706
93707
93708
93709
93712
93714
93715
93716
93717
93718
93721
93724
93727
93741
93744
93745
93747
93750
93760
93761
93764
93771
93772
93773
93774
93775
93776
93777
93778
93779
93786
93844
93888
93601
93610
93623
93636
93637
93638
93639
93653
93668
93221
93223
93227
93235
93237
93244
93262
93277
93278
93279
93286
93290
93291
93292
93513
93603
93615
93628
93633
93641
93647
93670
95301
95305
95306
95311
95312
95317
95318
95321
95325
95329
95333
95338
95340
95341
95343
95344
95345
95348
95365
95369
95388
93222
93224
93225
93252
93268
93276
93307
93311
93313
93383
93390
93203
93240
93243
93501
93502
93504
93518
93531
93560
93561
93581
93212
93272
93274
93275
93201
93215
93216
93219
93249
93250
93256
93261
93280
93287
93620
93622
93635
93640
93661
93665
95023
95322
93609
93616
93618
93621
93625
93631
93646
93648
93649
93654
93662
93666
93673
93675
93725
92329
92344
92345
92371
92372
92392
92301
92368
92393
92394
92395
93524
92307
92308
92340
92356
92309
92310
92311
92312
92327
92338
92342
92347
92365
92398
93516
93596
91716
91745
91748
91749
91788
91789
90650
90651
90652
90701
90702
90703
90706
90707
91040
91331
91333
91340
91341
91342
91344
91345
91346
91392
90061
90247
90248
90249
90504
90747
91304
91306
91311
91313
91324
91326
91327
91396
90274
90275
90277
90501
90503
90505
90507
90508
90509
90510
90717
90245
90250
90251
90254
90260
90261
90266
90267
90278
90506
93510
93551
93599
90755
90801
90802
90803
90804
90809
90814
90815
90831
90832
90833
90834
90835
90840
90844
90853
90899
90027
90039
90041
91012
91103
91203
91204
91205
91206
91209
91210
91222
91225
91226
91321
91322
91350
91351
91386
91387
91390
90022
90040
90091
90603
90604
90609
90621
90637
90638
90639
90670
90601
90640
90660
90661
90662
90001
90002
90011
90023
90052
90058
90202
90255
90270
90704
90731
90732
90733
90734
90822
90044
90047
90303
90305
90310
93010
93011
93033
93042
93061
93066
93422
93423
93426
93428
93430
93432
93435
93442
93446
93447
93450
93451
93452
93461
93465
93928
93930
93932
93954
90262
90723
90805
90003
90018
90037
90043
90062
90082
93001
93002
93003
93004
93005
93006
93007
93009
93022
93023
93024
93030
93031
93032
93034
93035
93036
93041
93043
93044
93060
90005
90006
90007
90010
90013
90014
90015
90017
90021
90026
90053
90055
90057
90071
90074
90075
90076
90079
90081
90084
90088
90089
90096
93401
93402
93403
93405
93406
93407
93408
93409
93410
93412
93421
93424
93433
93443
93445
93448
93449
93475
93483
91310
91354
91355
91380
91381
91383
91384
91385
93040
93532
90008
90016
90034
90035
90056
90067
90083
90212
90231
90232
90233
90302
90309
90806
90807
90810
90813
90842
90847
90848
90895
90263
91301
91302
91307
91308
91367
91372
91376
93238
93255
93283
93505
93519
93522
93527
93528
93530
93542
93545
93549
93554
93555
93556
93558
93562
93592
91722
91723
90059
90220
90221
90222
90223
90224
90746
90032
91001
91003
91030
91031
91101
91102
91104
91105
91106
91108
91109
91110
91114
91115
91116
91123
91124
91125
91126
91129
91182
91184
91185
91188
91189
91199
91754
91755
91756
91778
91801
91802
91803
91804
91896
90024
90025
90049
90064
90066
90073
90094
90095
90230
90291
90292
90293
90294
90295
90296
90311
90312
90401
90402
90403
90404
90405
90406
90407
90408
90409
90410
90411
91041
91352
91353
91423
91505
91507
91510
91601
91602
91603
91604
91605
91606
91607
91609
91611
91612
91614
91615
91616
91617
90711
90712
90713
90714
90808
90846
90004
90019
90020
90028
90029
90036
90038
90046
90048
90068
90069
90070
90072
90078
90093
90209
90210
90211
90213
91608
91618
91702
91724
91740
91741
91750
91773
93013
93014
93067
93101
93102
93103
93105
93106
93107
93108
93109
93110
93111
93116
93117
93118
93120
93121
93130
93140
93150
93160
93190
93199
93460
90201
90239
90240
90241
90242
90280
91006
91008
91009
91010
91011
91016
91017
91023
91024
91025
91066
93563
90272
90290
91303
91305
91309
91356
91357
91364
91365
91371
93254
93420
93429
93434
93440
93444
93453
93454
93455
93456
93457
93458
91362
91377
93015
93016
93020
93021
93062
93063
93064
93065
93094
93099
90077
91334
91393
91395
91401
91402
91403
91404
91405
91407
91408
91410
91411
91412
91413
91470
91482
91495
91496
91499
93523
93534
93536
93539
93584
93586
91020
91021
91042
91043
91046
91201
91202
91207
91208
91214
91221
91224
91501
91502
91503
91504
91506
91508
91521
91522
91523
91526
91610
91316
91325
91328
91329
91330
91335
91337
91343
91394
91406
91409
91416
91426
91436
90264
90265
91319
91320
91358
91359
91360
91361
93012
91706
91746
91790
91793
90502
90710
90744
90745
90748
90749
91007
91077
91107
91117
91118
91121
91731
91732
91733
91734
91735
91770
91771
91772
91775
91776
91780
93427
93436
93437
93438
93441
93463
93464
90602
90605
90606
90607
90608
90610
90012
90030
90031
90033
90042
90050
90051
90054
90060
90063
90065
90086
90087
90090
90009
90045
90080
90189
90301
90304
90306
90307
90308
93535
93543
93544
93550
93552
93553
93590
93591
91715
91744
91747
91791
91792
89017
98404
98408
98409
98412
98418
98443
98493
98496
98497
98498
98499
98101
98102
98104
98109
98111
98112
98114
98116
98118
98119
98121
98122
98124
98129
98134
98139
98141
98144
98154
98161
98164
98170
98174
98181
98191
98194
98001
98003
98023
98047
98063
98093
98354
98421
98422
98424
98024
98027
98029
98045
98050
98059
98065
98068
98075
98224
98288
98031
98055
98056
98057
98131
98132
98138
98148
98158
98166
98168
98178
98188
98198
98103
98105
98107
98113
98115
98117
98125
98127
98133
98145
98165
98175
98177
98185
98195
98199
98020
98026
98036
98043
98046
98155
98160
98502
98503
98504
98506
98507
98509
98563
98584
98599
98344
98371
98372
98373
98374
98375
98390
98004
98005
98006
98007
98008
98009
98015
98033
98039
98040
98011
98021
98028
98034
98041
98072
98077
98012
98037
98082
98087
98203
98204
98206
98208
98236
98249
98275
98220
98225
98226
98227
98228
98229
98230
98231
98240
98243
98244
98245
98247
98248
98262
98264
98266
98276
98279
98280
98281
98295
98297
98061
98110
98310
98311
98312
98314
98320
98337
98345
98366
98378
98380
98383
98393
98548
98555
98333
98388
98401
98402
98403
98405
98406
98407
98411
98413
98415
98416
98417
98419
98448
98464
98465
98466
98467
98471
98481
98490
98002
98030
98032
98035
98064
98071
98089
98014
98019
98052
98053
98073
98074
98083
98501
98505
98508
98511
98512
98540
98541
98556
98557
98559
98568
98589
98223
98258
98259
98260
98270
98271
98287
98292
98013
98070
98322
98329
98332
98335
98349
98359
98367
98394
98395
98524
98528
98546
98588
98592
98010
98025
98038
98042
98051
98058
98092
98315
98325
98339
98340
98342
98346
98364
98365
98370
98376
98392
98303
98327
98351
98513
98516
98558
98576
98597
98201
98207
98213
98241
98251
98252
98256
98272
98290
98291
98293
98294
98296
98328
98330
98336
98338
98348
98355
98387
98430
98431
98433
98438
98439
98444
98445
98446
98447
98580
98222
98232
98233
98235
98237
98238
98255
98257
98263
98267
98273
98274
98283
98284
98022
98304
98321
98323
98352
98360
98361
98377
98385
98391
98396
98397
98398
98221
98239
98250
98253
98261
98277
98278
98282
98286
98358
98062
98106
98108
98126
98136
98146
98190
98353
98384
98386
98520
98526
98527
98535
98536
98537
98547
98550
98552
98560
98561
98562
98566
98569
98571
98575
98577
98583
98586
98587
98590
98595
98305
98324
98326
98331
98343
98350
98357
98362
98363
98368
98381
98382
97006
97076
97229
97034
97035
97062
97219
97223
97281
97218
97220
97230
97238
97292
98664
97302
97306
97308
97309
97317
97325
97342
97346
97351
97358
97360
97375
97381
97383
97384
97385
97392
97056
97203
97209
97210
97211
97217
97227
97231
97283
97290
97291
97296
98663
97321
97322
97329
97335
97336
97345
97352
97355
97374
97389
97106
97108
97109
97111
97113
97116
97117
97119
97123
97124
97125
97133
97141
97143
97144
97148
97204
97208
97212
97213
97214
97215
97216
97228
97232
97233
97236
97240
97242
97258
97286
97293
97294
97009
97010
97011
97014
97019
97022
97024
97028
97030
97049
97055
97060
97067
97080
98639
97002
97007
97020
97032
97070
97115
97127
97132
97137
97140
97224
97004
97013
97017
97023
97027
97036
97038
97042
97045
97068
97267
97268
97005
97008
97075
97077
97201
97205
97207
97221
97225
97239
97280
97298
97102
97103
97107
97110
97118
97121
97130
97131
97134
97136
97138
97145
97146
97147
98614
98621
98624
98631
98637
98638
98640
98641
98643
98644
98647
97021
97029
97031
97037
97039
97040
97041
97044
97050
97057
97058
97063
98602
98605
98613
98617
98619
98620
98623
98628
98635
98650
98651
98670
98672
97324
97326
97330
97331
97333
97339
97341
97343
97344
97348
97357
97361
97364
97365
97366
97367
97368
97369
97370
97376
97377
97380
97388
97390
97391
97394
97456
97498
97026
97071
97101
97112
97114
97122
97128
97135
97149
97301
97303
97304
97305
97307
97310
97311
97312
97314
97338
97347
97362
97371
97373
97378
97396
97015
97086
97089
97202
97206
97222
97266
97269
97282
97053
98601
98604
98606
98622
98629
98642
98660
98661
98662
98665
98668
98674
98685
98686
97016
97018
97048
97051
97054
97064
98581
98603
98609
98611
98612
98616
98625
98626
98632
98645
98649
98607
98610
98648
98671
98675
98682
98683
98684
98687
98356
98522
98530
98531
98532
98533
98538
98539
98542
98544
98554
98564
98565
98570
98572
98579
98582
98585
98591
98593
98596
97327
97386
97401
97403
97404
97408
97431
97438
97440
97446
97448
97452
97454
97463
97477
97478
97488
97489
97492
97402
97405
97409
97412
97419
97424
97426
97430
97434
97435
97437
97439
97451
97453
97455
97461
97480
97487
97490
97493
91902
91908
91910
91912
92139
91941
91942
91943
91944
91945
91946
91976
91977
91979
92114
92115
92175
92195
92007
92009
92011
92013
92014
92023
92024
92067
92075
92091
92064
92127
92128
92129
92150
92197
92198
92199
91909
91932
91933
92040
92071
92072
92119
92103
92106
92107
92109
92110
92132
92135
92137
92138
92140
92147
92152
92166
92167
92169
92186
92187
92008
92010
92018
92049
92051
92052
92054
92056
92068
92083
92037
92038
92039
92092
92093
92111
92117
92122
92123
92161
92171
92177
92192
92003
92028
92055
92057
92058
92084
92088
91906
91913
91914
91915
91917
91921
91935
91963
91978
91980
91987
92158
92179
91950
91951
92101
92102
92104
92105
92112
92113
92118
92134
92136
92149
92155
92170
92174
92178
91911
92143
92153
92154
92173
92025
92027
92030
92061
92066
92070
92082
92086
92081
92085
91901
91903
91905
91916
91931
91948
91962
92019
92020
92021
92022
92036
92159
92029
92033
92046
92108
92116
92120
92124
92142
92160
92163
92165
92168
92176
92182
92190
92193
92026
92069
92078
92079
92096
92121
92126
92130
92131
92145
92172
92191
92196
92065
92074
92505
92860
92879
92313
92324
92350
92354
92357
92408
92423
92507
92508
92521
92552
92553
92554
92556
92557
91729
91730
91739
91743
92562
92563
92564
92590
92595
92317
92321
92322
92325
92352
92378
92391
92401
92402
92403
92404
92405
92406
92407
92410
92411
92413
92415
92418
92427
91711
91758
91763
91764
91767
91785
91786
92315
92318
92333
92341
92346
92359
92369
92373
92374
92375
92382
92385
92059
92060
92536
92589
92591
92592
92593
91701
91737
91759
91784
92397
91752
92880
92518
92551
92555
92571
92599
92316
92335
92337
92509
92501
92502
92503
92504
92506
92513
92514
92515
92516
92517
92519
92522
92543
92544
92545
92546
92549
92581
92582
92583
92596
91765
91766
91768
91769
92877
92878
92881
92882
92883
92331
92334
92376
92377
92548
92567
92572
92584
92585
92586
92587
91708
91709
91710
91761
91762
92336
92358
92252
92256
92268
92277
92278
92284
92285
92286
92304
92314
92220
92223
92230
92305
92320
92339
92386
92399
92530
92531
92532
92570
92604
92606
92705
92782
92704
92708
92728
92799
92624
92629
92672
92673
92674
92675
92690
92692
92693
92694
92706
92806
92825
92856
92866
92868
90740
92655
92683
92684
92685
92845
92821
92822
92823
92871
92885
92607
92651
92652
92656
92677
92609
92654
92691
92603
92637
92653
92657
92703
92802
92840
92842
92843
92844
92807
92808
92817
92886
92887
92899
90742
90743
92605
92647
92648
92649
90624
92801
92803
92804
92805
92812
92814
92815
92833
92837
92850
90620
90622
90623
90630
90715
90716
90720
90721
90631
90632
90633
92835
92838
92616
92617
92625
92626
92627
92628
92658
92659
92660
92661
92662
92663
92697
92610
92630
92676
92678
92679
92688
92612
92614
92623
92698
92701
92702
92707
92711
92712
92735
92780
92781
92811
92816
92831
92832
92834
92836
92870
90680
92841
92846
92615
92646
92809
92857
92859
92861
92862
92863
92864
92865
92867
92869
92602
92618
92619
92620
92650
92211
92241
92255
92260
92261
92270
92276
91934
92227
92231
92232
92233
92243
92244
92249
92250
92251
92257
92259
92273
92274
92281
92004
92201
92210
92247
92248
92253
92561
92202
92203
92236
92239
92254
92275
92234
92235
92240
92258
92262
92263
92264
92282
92539
33012
33013
33016
33166
33428
33433
33434
33488
33497
33498
33406
33415
33416
33460
33461
33462
33464
33465
33466
33165
33173
33174
33175
33182
33184
33199
33265
33032
33033
33092
33157
33170
33189
33190
33197
33257
33060
33061
33062
33064
33066
33069
33072
33074
33002
33014
33015
33017
33054
33055
33056
33167
33116
33183
33186
33283
33403
33404
33408
33410
33412
33419
33420
34952
34957
34958
34984
34985
33314
33317
33324
33329
33338
33388
33424
33425
33426
33435
33436
33474
33307
33308
33309
33310
33311
33334
33335
33336
33340
33160
33162
33163
33164
33169
33179
33180
33269
33280
33313
33318
33319
33320
33322
33337
33351
33359
33418
33458
33468
33469
33477
33478
33101
33109
33111
33119
33125
33128
33129
33130
33131
33132
33134
33135
33136
33139
33145
33231
33239
33245
34945
34946
34947
34948
34949
34950
34951
34954
34979
34981
33065
33071
33075
33076
33077
33321
33008
33009
33021
33023
33081
33083
33156
33158
33176
33256
33296
33004
33019
33020
33022
33312
33063
33068
33093
33455
33475
34990
34991
34992
34994
34995
34996
34997
33431
33444
33445
33483
33487
33499
33449
33454
33463
33467
33472
33401
33402
33405
33407
33409
33422
33480
33124
33138
33140
33141
33150
33153
33154
33159
33161
33168
33181
33238
33261
33437
33446
33448
33473
33482
33484
33496
33326
33327
33330
33331
33332
33323
33325
33345
33355
33413
33417
33185
33187
33193
33194
33196
33024
33084
33328
33102
33112
33122
33126
33144
33152
33155
33172
33188
33222
33247
33255
33027
33028
33029
33082
33030
33031
33034
33035
33036
33037
33039
33070
33090
33067
33073
33097
33301
33302
33303
33304
33305
33306
33315
33316
33339
33346
33348
33349
33394
34982
34983
34986
33010
33011
33127
33137
33142
33147
33151
33242
33266
33299
33411
33414
33421
33430
33470
33476
33493
33025
33026
33018
33178
33438
33459
33471
33944
34972
34973
34974
34953
34956
34987
34988
33177
33001
33043
33050
33051
33052
33427
33429
33432
33441
33442
33443
33481
33486
33114
33133
33143
33146
33149
33233
33234
33243
32113
32134
32192
32617
32634
32654
32663
32668
32686
34421
34432
34470
34471
34472
34473
34474
34475
34476
34477
34478
34479
34480
34481
34482
34483
34488
34489
32606
32607
32608
32611
32612
32614
32616
32618
32619
32621
32626
32628
32633
32635
32643
32644
32648
32655
32664
32667
32669
32680
32681
32683
32693
32696
32702
32726
32727
32735
32756
32778
32784
34705
34737
34748
34749
34762
34788
34789
34797
32042
32044
32160
32601
32602
32603
32604
32605
32609
32610
32615
32622
32627
32631
32640
32641
32653
32658
32662
32666
32694
32697
32008
32013
32024
32025
32038
32052
32054
32055
32056
32060
32061
32062
32064
32066
32071
32072
32087
32094
32096
32348
32356
32359
32111
32133
32158
32159
32162
32163
32179
32183
32195
33513
33521
33538
33585
34420
34484
34491
34492
34731
34785
32531
32536
32537
32542
32544
32547
32548
32549
32566
32567
32569
32579
32320
32329
32335
32401
32402
32403
32404
32405
32406
32409
32410
32411
32412
32420
32421
32424
32428
32430
32438
32444
32449
32456
32457
32463
32465
32466
32530
32535
32564
32565
32570
32571
32572
32583
36401
36420
36426
36427
36429
36432
36439
36441
36449
36454
36457
36458
36460
36461
36470
36471
36473
36474
36475
36481
36483
32422
32433
32434
32435
32439
32459
32464
32538
32539
32540
32541
32550
32578
32580
32588
36442
36455
32503
32504
32513
32520
32561
32563
32501
32502
32505
32506
32507
32508
32509
32511
32512
32516
32521
32522
32523
32524
32559
32562
32591
36549
32407
32408
32413
32417
32427
32437
32455
32461
32462
32514
32526
32533
32534
32560
32568
32577
36567
36574
31792
32301
32302
32308
32309
32311
32312
32313
32314
32315
32317
32336
32337
32344
32345
32347
32357
32361
32362
32395
32399
39828
32303
32304
32305
32306
32307
32310
32316
32318
32321
32322
32323
32326
32327
32328
32330
32333
32334
32343
32346
32351
32353
32355
32358
32360