80001
80002
80003
80004
80005
80006
80007
80010
80011
80012
80013
80014
80015
80016
80017
80018
80019
80020
80021
80022
80023
80024
80025
80026
80027
80030
80031
80033
80034
80035
80036
80037
80038
80040
80041
80042
80044
80045
80046
80047
80110
80111
80112
80113
80120
80121
80122
80123
80124
80125
80126
80127
80128
80129
80130
80131
80134
80135
80135
80136
80137
80138
80150
80151
80155
80160
80161
80162
80163
80165
80166
80201
80202
80203
80204
80205
80206
80207
80208
80209
80210
80211
80212
80214
80215
80216
80217
80218
80219
80220
80221
80222
80223
80224
80225
80226
80227
80228
80229
80230
80231
80232
80233
80234
80235
80236
80237
80238
80239
80241
80243
80244
80246
80247
80248
80249
80250
80251
80252
80256
80257
80259
80260
80261
80262
80263
80264
80265
80266
80271
80273
80274
80281
80290
80291
80293
80294
80299
80301
80302
80303
80304
80305
80306
80307
80308
80309
80310
80314
80401
80402
80403
80419
80422
80425
80427
80433
80437
80439
80453
80454
80457
80465
80470
80471
80501
80502
80504
80514
80516
80520
80530
80544
80601
80602
80603
80614
80621
80640
80642
80295
06001
06002
06006
06010
06011
06013
06016
06019
06020
06022
06023
06025
06026
06027
06028
06030
06032
06033
06034
06035
06037
06040
06041
06042
06045
06050
06051
06052
06053
06059
06060
06062
06064
06067
06070
06073
06074
06078
06080
06081
06082
06083
06085
06087
06088
06089
06090
06091
06092
06093
06095
06096
06107
06108
06109
06110
06111
06114
06117
06118
06119
06127
06128
06129
06131
06133
06137
06138
06401
06403
06404
06405
06408
06409
06410
06411
06412
06413
06414
06416
06417
06418
06419
06422
06423
06424
06426
06437
06438
06440
06441
06442
06443
06444
06447
06450
06451
06455
06456
06457
06459
06460
06461
06467
06468
06469
06470
06471
06472
06473
06475
06477
06478
06479
06480
06481
06482
06483
06484
06487
06488
06489
06491
06492
06493
06494
06495
06498
06511
06512
06514
06516
06517
06518
06519
06524
06525
06604
06605
06607
06610
06611
06612
06614
06615
06701
06702
06703
06704
06705
06706
06708
06710
06712
06716
06720
06721
06722
06723
06724
06725
06726
06749
06762
06770
06784
06784
06801
06804
06804
06807
06810
06811
06812
06813
06814
06816
06817
06820
06824
06825
06828
06829
06830
06831
06836
06838
06840
06850
06851
06852
06853
06854
06855
06856
06857
06858
06860
06870
06875
06876
06877
06878
06879
06880
06881
06883
06888
06889
06890
06896
06897
06901
06902
06903
06904
06905
06906
06907
06910
06911
06912
06913
06914
06920
06921
06922
06926
06927
48809
48815
48838
48846
48850
48850
48865
48881
48884
49010
49058
49078
49301
49302
49306
49315
49316
49318
49319
49321
49323
49330
49331
49333
49339
49341
49343
49344
49345
49348
49401
49404
49408
49415
49417
49418
49419
49423
49424
49426
49428
49429
49435
49441
49442
49445
49448
49451
49456
49457
49460
49464
49468
49501
49503
49504
49505
49506
49507
49508
49509
49510
49512
49514
49516
49518
49519
49523
49525
49528
49530
49534
49544
49546
49548
49560
06101
06102
06103
06104
06105
06106
06112
06115
06120
06123
06126
06132
06134
06140
06141
06142
06143
06144
06145
06146
06147
06150
06151
06152
06153
06154
06155
06156
06160
06161
06167
06176
06180
06183
06199
06501
06502
06503
06504
06505
06506
06507
06508
06509
06510
06513
06515
06520
06521
06530
06531
06532
06533
06534
06535
06536
06537
06538
06540
06601
06602
06606
06608
06673
06699
07201
07202
07203
07204
07205
07206
07207
07208
07716
07718
07721
07730
07732
07733
07734
07735
07737
07747
07748
07752
07758
07799
08805
08807
08812
08816
08817
08818
08820
08830
08832
08835
08836
08837
08840
08846
08850
08854
08855
08857
08859
08861
08862
08863
08869
08871
08872
08873
08875
08876
08879
08880
08882
08884
08890
08899
08901
08902
08903
08904
08906
08933
08989
80452
80455
80466
80481
80503
80513
80533
80542
80623
80651
80475
80643
48834
48849
48849
48870
48885
48886
48886
48887
48888
48897
48897
49035
49070
49303
49311
49314
49317
49322
49325
49326
49328
49329
49335
49347
49351
49355
49356
49357
49403
49406
49409
49422
49425
49427
49430
49434
49440
49443
49453
49461
49502
49515
49555
49588
49599
61008
61011
61072
61073
61080
61107
61108
61111
61114
61115
01701
01702
01703
01704
01705
01721
01742
01746
01754
01760
01770
01773
01776
01778
02021
02026
02027
02030
02052
02053
02054
02062
02090
02155
02169
02170
02171
02184
02185
02186
02187
02188
02189
02190
02191
02269
02420
02421
02445
02453
02454
02455
02456
02457
02458
02459
02460
02461
02462
02464
02465
02466
02467
02468
02478
02479
02481
02482
02492
02493
02494
48151
48437
51011
51023
51027
51230
51234
51235
51235
51237
51239
51239
51240
51240
51241
51242
51243
51244
51246
51247
51247
51250
56110
56116
56128
56129
56134
56138
56139
56140
56144
56146
56147
56153
56155
56156
56158
56164
56173
07001
07008
07016
07023
07027
07033
07036
07059
07060
07061
07062
07063
07064
07065
07066
07067
07069
07076
07077
07080
07081
07083
07088
07090
07091
07092
07095
07901
07902
07920
07921
07922
07924
07931
07934
07938
07939
07974
07977
07978
57001
57001
57003
57004
57004
57005
57012
57013
57014
57015
57016
57017
57018
57020
57021
57022
57024
57027
57028
57029
57030
57032
57033
57034
57034
57035
57036
57037
57039
57041
57042
57043
57047
57048
57050
57053
57055
57057
57058
57064
57065
57068
57070
57073
57075
57076
57077
57101
57103
57104
57105
57106
57107
57108
57109
57110
57117
57118
57186
57193
57197
57198
57319
06018
06021
06024
06029
06031
06039
06043
06057
06058
06061
06063
06065
06066
06068
06069
06071
06072
06075
06076
06077
06079
06084
06094
06098
06226
06230
06231
06232
06233
06234
06235
06237
06238
06239
06241
06242
06243
06244
06245
06246
06247
06248
06249
06250
06251
06254
06255
06256
06258
06259
06260
06262
06263
06264
06265
06266
06267
06268
06269
06277
06278
06279
06280
06281
06282
06320
06330
06331
06332
06333
06334
06335
06336
06338
06339
06340
06349
06350
06351
06353
06354
06355
06357
06359
06360
06365
06370
06371
06372
06373
06374
06375
06376
06377
06378
06379
06380
06382
06383
06384
06385
06387
06388
06389
06415
06420
06439
06474
06750
06751
06752
06753
06754
06755
06756
06757
06758
06759
06763
06776
06777
06778
06779
06781
06782
06783
06785
06786
06787
06790
06791
06792
06793
06794
06795
06796
06798
73003
73007
73008
73012
73013
73014
73016
73019
73020
73022
73025
73026
73027
73028
73034
73036
73044
73045
73049
73050
73051
73054
73056
73058
73063
73064
73066
73068
73069
73070
73071
73072
73073
73078
73083
73084
73085
73090
73097
73099
73101
73102
73103
73104
73105
73106
73107
73108
73109
73110
73111
73112
73113
73114
73115
73116
73117
73118
73119
73120
73121
73122
73123
73124
73125
73126
73127
73128
73129
73130
73131
73132
73134
73135
73136
73137
73139
73140
73141
73142
73143
73144
73145
73146
73147
73148
73149
73150
73151
73152
73153
73154
73155
73156
73157
73159
73160
73162
73163
73164
73165
73167
73169
73170
73172
73173
73178
73179
73184
73185
73189
73190
73194
73195
73196
73734
73742
73750
73756
73762
73764
74801
74802
74804
74840
74851
74852
74857
74873
74878
06859
06925
06928
48829
48829
48875
48875
48891
48891
49001
49002
49004
49006
49007
49008
49009
49012
49013
49021
49021
49024
49043
49046
49048
49053
49055
49056
49057
49064
49065
49071
49072
49079
49080
49083
49087
49090
49091
49093
49093
49097
49327
49337
49337
49349
49444
55014
55038
55042
55055
55071
55075
55076
55077
55082
55090
55101
55102
55103
55104
55105
55106
55107
55108
55109
55110
55111
55112
55113
55114
55115
55116
55117
55118
55119
55120
55121
55122
55123
55125
55126
55127
55128
55129
55130
55133
55144
55145
55146
55150
55155
55164
55165
55170
55172
55175
55187
55188
55401
55402
55403
55404
55405
55406
55407
55408
55409
55410
55411
55412
55413
55414
55415
55416
55417
55418
55419
55420
55421
55422
55423
55424
55425
55426
55427
55428
55429
55430
55432
55433
55434
55435
55436
55440
55443
55444
55449
55450
55454
55455
55458
55459
55460
55467
55470
55472
55474
55478
55479
55480
55483
55484
55485
55486
55487
55488
53525
53525
48009
48017
48021
48025
48026
48030
48033
48035
48036
48042
48044
48045
48047
48051
48062
48066
48067
48071
48072
48073
48075
48076
48080
48081
48082
48083
48084
48085
48088
48089
48091
48092
48093
48094
48098
48101
48103
48104
48105
48106
48107
48108
48109
48110
48111
48112
48113
48114
48115
48116
48117
48118
48122
48124
48125
48126
48127
48128
48130
48131
48133
48134
48135
48137
48138
48139
48141
48143
48144
48146
48150
48152
48154
48158
48158
48159
48160
48161
48162
48164
48165
48166
48167
48168
48169
48170
48173
48174
48175
48176
48176
48178
48179
48180
48182
48183
48184
48185
48186
48187
48188
48189
48190
48191
48192
48193
48197
48198
48203
48206
48218
48220
48225
48229
48230
48236
48237
48240
48301
48302
48304
48306
48307
48309
48310
48312
48313
48314
48315
48316
48317
48320
48322
48323
48324
48326
48327
48328
48329
48331
48334
48335
48336
48340
48341
48342
48346
48348
48350
48353
48356
48357
48359
48360
48362
48363
48371
48374
48375
48376
48377
48380
48381
48382
48383
48386
48390
48393
48430
48430
48442
48442
48462
48462
48836
48843
48855
49221
49229
49229
49236
49236
49240
49240
49265
49276
49276
49286
18039
18041
18054
18070
18073
18074
18076
18077
18081
18084
18901
18902
18910
18911
18912
18913
18914
18915
18916
18917
18918
18920
18921
18922
18923
18924
18925
18927
18928
18929
18930
18931
18932
18933
18934
18935
18936
18938
18940
18942
18943
18944
18946
18947
18949
18950
18951
18953
18954
18955
18956
18957
18958
18960
18962
18963
18964
18966
18968
18969
18970
18971
18972
18974
18976
18977
18979
18980
18981
18991
19001
19002
19003
19004
19006
19007
19009
19012
19020
19021
19025
19027
19030
19031
19034
19035
19038
19040
19041
19044
19046
19047
19048
19049
19053
19054
19055
19056
19057
19058
19066
19067
19072
19075
19090
19095
19096
19401
19403
19404
19405
19406
19407
19408
19409
19415
19422
19423
19424
19426
19428
19429
19430
19435
19436
19437
19438
19440
19441
19443
19444
19446
19450
19451
19453
19454
19455
19456
19462
19464
19468
19472
19473
19474
19477
19478
19484
19486
19490
19492
19525
80102
80104
80106
80106
80107
80108
80109
80116
80117
80118
80132
80133
80921
01081
54517
98001
98002
98003
98005
98006
98007
98008
98011
98019
98023
98028
98029
98030
98031
98032
98033
98038
98040
98042
98052
98055
98056
98057
98058
98059
98072
98074
98075
98077
98092
98101
98103
98105
98106
98107
98108
98109
98112
98115
98117
98118
98122
98125
98126
98133
98136
98144
98146
98148
98155
98158
98166
98168
98177
98178
98188
98198
98199
98321
98338
98371
98373
98374
98375
98385
98387
98388
98391
98402
98404
98405
98406
98407
98408
98409
98418
98422
98433
98439
98443
98444
98445
98446
98465
98466
98467
98498
98499
98580
06386
06454
06497
06832
06842
80436
80474
80476
48808
48811
48811
48812
48813
48813
48818
48820
48821
48822
48827
48831
48831
48833
48835
48837
48837
48845
48845
48845
48851
48852
48853
48860
48861
48861
48866
48866
48873
48873
48876
48879
48879
48890
48890
48894
48906
48908
48917
49003
49005
49019
49022
49022
49023
49026
49027
49030
49031
49032
49034
49038
49038
49039
49040
49041
49042
49042
49045
49045
49047
49047
49050
49052
49060
49061
49062
49063
49066
49067
49067
49073
49073
49074
49075
49076
49076
49077
49081
49084
49085
49088
49095
49096
49098
49098
49099
49099
49101
49102
49103
49104
49106
49107
49111
49112
49113
49115
49117
49119
49120
49125
49126
49127
49130
49336
49336
49412
49413
49416
49421
49437
49450
49452
49463
06650
49550
07701
07702
07703
07704
07710
07711
07712
07715
07717
07719
07720
07722
07723
07724
07726
07727
07728
07731
07738
07739
07740
07746
07750
07751
07753
07754
07755
07756
07757
07760
07762
07763
07764
07765
08001
08002
08003
08004
08005
08006
08007
08008
08009
08010
08011
08012
08014
08015
08016
08018
08019
08020
08021
08022
08023
08025
08026
08027
08028
08029
08030
08031
08032
08033
08034
08035
08036
08037
08038
08039
08041
08042
08043
08045
08046
08048
08049
08050
08051
08052
08053
08054
08055
08056
08057
08059
08060
08061
08062
08063
08064
08065
08066
08067
08068
08069
08070
08071
08072
08073
08074
08075
08076
08077
08078
08079
08080
08081
08083
08084
08085
08086
08087
08087
08088
08089
08090
08091
08092
08093
08094
08095
08096
08097
08098
08099
08101
08102
08103
08104
08105
08106
08107
08108
08109
08110
08201
08203
08205
08213
08215
08217
08220
08221
08223
08224
08225
08231
08232
08234
08240
08241
08244
08250
08270
08302
08310
08311
08312
08313
08315
08316
08317
08318
08319
08320
08322
08323
08324
08326
08327
08328
08329
08330
08332
08340
08341
08342
08343
08344
08346
08347
08348
08349
08350
08352
08353
08360
08361
08362
08401
08402
08403
08404
08405
08406
08501
08501
08502
08504
08505
08510
08511
08512
08512
08514
08515
08518
08520
08520
08525
08525
08526
08527
08528
08530
08530
08533
08534
08535
08536
08540
08540
08541
08542
08543
08544
08550
08551
08553
08554
08555
08556
08557
08558
08558
08559
08560
08561
08562
08601
08602
08603
08604
08605
08606
08607
08608
08609
08610
08611
08618
08619
08620
08625
08628
08629
08638
08640
08641
08645
08646
08647
08648
08650
08666
08690
08691
08691
08695
08701
08720
08721
08722
08723
08724
08730
08731
08732
08733
08734
08735
08736
08738
08739
08740
08741
08742
08750
08751
08752
08753
08754
08755
08756
08757
08758
08759
08801
08802
08803
08804
08809
08810
08821
08822
08823
08824
08825
08826
08827
08828
08829
08831
08833
08834
08844
08848
08852
08853
08858
08867
08868
08870
08885
08887
08888
08889
90620
90621
90622
90623
90624
90630
90637
90638
90639
90680
91701
91702
91708
91709
91710
91711
91722
91723
91724
91729
91730
91737
91739
91740
91741
91743
91750
91752
91758
91759
91761
91762
91763
91764
91765
91766
91767
91768
91769
91773
91784
91785
91786
91788
91789
91791
91792
91941
91942
91943
91944
92003
92007
92008
92009
92010
92011
92013
92014
92018
92023
92024
92025
92026
92027
92029
92030
92033
92037
92038
92039
92046
92049
92051
92052
92054
92056
92057
92064
92065
92067
92069
92074
92075
92078
92079
92081
92082
92083
92084
92085
92091
92092
92093
92096
92103
92104
92105
92108
92109
92110
92111
92115
92116
92117
92119
92120
92121
92122
92123
92124
92126
92127
92128
92129
92130
92131
92145
92182
92198
92199
92313
92316
92318
92322
92324
92325
92331
92334
92335
92336
92337
92350
92354
92357
92358
92376
92377
92397
92401
92402
92403
92404
92405
92406
92407
92408
92410
92411
92413
92415
92418
92423
92427
92501
92502
92503
92504
92505
92506
92507
92509
92513
92514
92515
92516
92517
92519
92521
92522
92602
92603
92604
92605
92606
92607
92609
92610
92612
92614
92615
92616
92617
92618
92619
92620
92623
92624
92625
92626
92627
92628
92629
92630
92637
92646
92647
92648
92649
92650
92651
92652
92653
92654
92655
92656
92657
92658
92659
92660
92661
92662
92663
92672
92672
92673
92674
92675
92676
92677
92678
92679
92683
92684
92685
92688
92690
92691
92692
92693
92694
92697
92698
92701
92702
92703
92704
92705
92706
92707
92708
92711
92712
92728
92735
92780
92781
92782
92799
92801
92802
92803
92804
92805
92806
92807
92808
92809
92811
92812
92814
92815
92816
92817
92821
92822
92823
92825
92831
92832
92833
92834
92835
92836
92837
92838
92840
92841
92842
92843
92844
92845
92846
92850
92856
92857
92859
92860
92861
92862
92863
92864
92865
92866
92867
92868
92869
92870
92871
92877
92878
92879
92880
92881
92882
92885
92886
92887
92899
48001
48002
48003
48004
48005
48006
48007
48012
48014
48015
48022
48023
48027
48028
48032
48034
48037
48038
48039
48040
48041
48043
48046
48048
48049
48050
48054
48059
48060
48061
48063
48064
48065
48068
48069
48070
48074
48079
48086
48090
48095
48096
48097
48099
48120
48121
48123
48136
48140
48145
48153
48157
48177
48195
48201
48202
48204
48205
48207
48208
48209
48210
48211
48212
48213
48214
48215
48216
48217
48219
48221
48222
48223
48224
48226
48227
48228
48231
48232
48233
48234
48235
48238
48239
48242
48243
48244
48255
48260
48264
48265
48266
48267
48268
48269
48272
48275
48277
48278
48279
48288
48303
48308
48311
48318
48321
48325
48330
48332
48333
48343
48347
48361
48366
48367
48370
48387
48391
48397
48411
48414
48416
48418
48418
48420
48421
48421
48423
48423
48428
48429
48433
48435
48435
48436
48438
48438
48439
48439
48440
48444
48446
48449
48451
48451
48454
48455
48457
48458
48460
48461
48463
48464
48464
48466
48473
48476
48480
48501
48502
48503
48504
48505
48507
48509
48519
48529
48531
48532
48550
48551
48552
48553
48554
48555
48556
48557
48727
48727
48744
48744
48746
48760
48760
48805
48816
48817
48819
48840
48840
48844
48854
48857
48864
48872
48872
48872
48882
48892
48892
48895
49201
49202
49204
49228
49228
49238
49238
49251
49254
49259
49261
49263
49268
49270
49272
49277
49285
49285
49287
49287
28710
28724
28726
28727
28729
28731
28732
28735
28739
28742
28758
28759
28760
28784
28790
28791
28792
28793
29301
29302
29303
29304
29305
29306
29307
29316
29319
29320
29322
29323
29324
29325
29329
29330
29331
29332
29332
29333
29334
29335
29336
29338
29340
29341
29342
29346
29348
29349
29351
29356
29360
29365
29368
29369
29370
29372
29373
29374
29375
29376
29377
29378
29384
29385
29386
29388
29601
29602
29603
29604
29605
29606
29607
29608
29609
29610
29611
29612
29613
29614
29615
29616
29617
29630
29631
29632
29633
29634
29635
29636
29640
29641
29642
29643
29644
29645
29650
29651
29652
29657
29658
29661
29662
29664
29665
29667
29671
29672
29673
29675
29676
29678
29679
29680
29681
29682
29683
29685
29686
29687
29688
29690
29691
29693
29696
29702
29702
01745
02130
02132
63005
63006
63010
63011
63013
63015
63016
63017
63021
63022
63024
63025
63026
63031
63032
63033
63034
63038
63040
63042
63043
63044
63049
63051
63052
63053
63055
63057
63068
63069
63072
63073
63074
63088
63099
63101
63102
63105
63108
63109
63111
63112
63116
63117
63118
63119
63122
63123
63124
63125
63126
63127
63128
63129
63130
63131
63132
63138
63139
63140
63141
63143
63144
63145
63146
63150
63151
63155
63156
63157
63158
63160
63163
63164
63166
63167
63169
63171
63177
63178
63179
63180
63182
63188
63195
63197
63199
63301
63302
63303
63304
63332
63338
63341
63342
63346
63357
63365
63366
63367
63368
63373
63376
63378
63379
63383
63385
63386
63389
63390
01431
01432
01434
01450
01460
01463
01464
01469
01470
01471
01472
01474
01718
01719
01720
01730
01731
01741
01748
01749
01752
01775
01784
01801
01803
01805
01810
01812
01813
01815
01821
01822
01824
01826
01827
01830
01831
01832
01833
01834
01835
01840
01841
01842
01843
01844
01845
01850
01851
01852
01853
01854
01860
01862
01863
01864
01865
01866
01867
01876
01879
01880
01885
01886
01887
01888
01889
01890
01899
01901
01902
01903
01904
01905
01906
01907
01908
01910
01913
01915
01921
01922
01923
01929
01930
01931
01936
01937
01938
01940
01944
01945
01949
01950
01951
01952
01960
01961
01965
01966
01969
01970
01971
01982
01983
01984
01985
02019
02025
02032
02035
02038
02056
02067
02070
02071
02072
02081
02093
02138
02139
02140
02141
02142
02143
02144
02145
02148
02149
02153
02156
02176
02180
02238
02322
02343
02368
02446
02447
02451
02452
02471
02472
02474
02475
02476
02477
02495
02762
05501
05544
01001
01002
01003
01004
01007
01008
01008
01009
01010
01010
01011
01011
01012
01013
01014
01020
01021
01022
01026
01026
01027
01028
01029
01030
01032
01033
01034
01035
01036
01038
01039
01040
01041
01050
01053
01056
01057
01059
01060
01061
01062
01063
01066
01069
01070
01071
01073
01075
01077
01079
01080
01082
01082
01084
01085
01086
01088
01089
01090
01095
01096
01097
01098
01101
01102
01103
01104
01105
01106
01107
01108
01109
01111
01115
01116
01118
01119
01128
01129
01138
01139
01144
01151
01152
01199
01343
48417
49014
49015
49017
49029
49037
49068
49230
49230
49267
49267
49346
43560
43612
43613
45001
45153
73002
73004
73005
73009
73010
73011
73018
73023
73031
73042
73043
73047
73053
73059
73065
73067
73079
73080
73089
73092
73093
73095
73720
73733
74001
74002
74003
74004
74005
74006
74008
74010
74011
74012
74013
74014
74015
74016
74017
74018
74019
74020
74021
74023
74026
74027
74028
74029
74030
74030
74031
74033
74034
74035
74036
74037
74038
74039
74041
74043
74044
74045
74045
74046
74047
74048
74050
74051
74052
74053
74054
74055
74059
74060
74061
74062
74063
74066
74067
74068
74070
74071
74073
74074
74076
74077
74078
74080
74081
74082
74084
74085
74101
74102
74103
74104
74105
74106
74107
74108
74110
74112
74114
74115
74116
74117
74119
74120
74121
74126
74127
74128
74129
74130
74131
74132
74133
74134
74135
74136
74137
74141
74145
74146
74147
74148
74149
74150
74152
74153
74155
74156
74157
74158
74159
74169
74170
74171
74172
74182
74186
74187
74192
74193
74330
74332
74337
74352
74361
74362
74364
74365
74367
74401
74402
74403
74403
74421
74422
74423
74428
74429
74431
74434
74436
74437
74438
74439
74441
74445
74446
74447
74450
74452
74454
74456
74458
74459
74460
74463
74467
74468
74477
74824
74826
74832
74834
74854
74855
74864
74866
74869
74875
74881
20301
20303
20306
20310
20314
20317
20318
20319
20330
20340
20350
20355
20370
20372
20374
20375
20376
20380
20388
20389
20390
20391
20392
20393
20394
20395
20398
20401
20402
20403
20404
20405
20406
20407
20408
20409
20410
20411
20412
20413
20414
20415
20416
20417
20418
20419
20420
20421
20422
20423
20424
20425
20426
20427
20428
20429
20431
20433
20434
20435
20436
20437
20439
20440
20441
20442
20444
20447
20451
20453
20456
20460
20463
20468
20469
20470
20472
20500
20501
20502
20503
20504
20505
20506
20507
20508
20509
20510
20511
20515
20520
20521
20522
20523
20524
20525
20526
20527
20528
20529
20530
20531
20532
20533
20534
20535
20536
20537
20538
20539
20540
20541
20542
20543
20544
20546
20547
20548
20549
20551
20552
20553
20554
20555
20557
20559
20560
20565
20566
20570
20571
20572
20573
20575
20576
20577
20578
20579
20580
20581
20585
20586
20590
20591
20593
20594
20597
20599
40003
40003
40004
40006
40007
40008
40010
40011
40012
40012
40013
40014
40018
40019
40020
40022
40023
40025
40026
40027
40031
40032
40036
40037
40040
40041
40045
40046
40046
40047
40048
40049
40050
40051
40052
40055
40056
40057
40057
40058
40059
40061
40062
40063
40065
40066
40067
40068
40069
40070
40071
40075
40076
40076
40077
40078
40104
40107
40108
40109
40110
40115
40117
40118
40121
40122
40129
40140
40142
40143
40144
40145
40146
40150
40155
40157
40159
40160
40161
40162
40165
40166
40170
40171
40175
40176
40177
40201
40202
40203
40204
40205
40206
40207
40208
40209
40210
40211
40212
40213
40214
40215
40216
40217
40218
40219
40220
40221
40222
40223
40224
40225
40228
40229
40231
40232
40233
40241
40242
40243
40245
40250
40251
40252
40253
40255
40256
40257
40258
40259
40261
40266
40268
40269
40270
40272
40280
40281
40282
40283
40285
40287
40289
40290
40291
40292
40293
40294
40295
40296
40297
40298
40299
40330
40330
40342
40342
40347
40363
40372
40379
40379
40383
40384
40601
40601
40601
40602
40603
40604
40618
40619
40620
40621
40622
41008
41086
41098
41098
42701
42702
42724
42732
42740
42748
42776
20601
20602
20603
20604
20606
20607
20608
20609
20610
20611
20612
20613
20615
20616
20617
20618
20619
20621
20622
20623
20624
20625
20626
20627
20629
20632
20635
20636
20637
20639
20640
20643
20645
20646
20650
20656
20657
20658
20659
20660
20661
20662
20664
20675
20676
20677
20678
20682
20685
20688
20689
20693
20695
20697
20701
20703
20704
20705
20706
20707
20708
20709
20711
20714
20714
20715
20716
20717
20718
20719
20720
20721
20723
20724
20724
20725
20726
20732
20733
20735
20736
20736
20737
20738
20740
20741
20742
20746
20751
20754
20754
20755
20758
20759
20762
20763
20764
20765
20768
20769
20770
20771
20772
20773
20774
20775
20776
20777
20777
20778
20779
20782
20783
20784
20785
20787
20788
20792
20794
20797
20810
20811
20812
20813
20814
20815
20816
20817
20818
20824
20825
20827
20830
20832
20833
20833
20837
20838
20839
20841
20842
20847
20848
20849
20850
20851
20852
20853
20854
20855
20857
20859
20860
20861
20862
20866
20868
20871
20872
20874
20875
20876
20877
20878
20879
20880
20882
20883
20884
20885
20886
20889
20891
20892
20894
20895
20896
20897
20898
20899
20901
20902
20903
20904
20905
20906
20907
20908
20910
20911
20912
20913
20914
20915
20916
20918
20993
20997
20101
20102
20103
20104
20105
20106
20108
20109
20110
20111
20112
20113
20115
20116
20117
20118
20119
20120
20121
20122
20124
20128
20129
20130
20131
20132
20134
20135
20136
20137
20138
20139
20140
20141
20142
20143
20144
20146
20147
20148
20149
20151
20152
20153
20155
20156
20158
20159
20160
20163
20164
20165
20166
20167
20168
20169
20170
20171
20172
20175
20176
20177
20178
20180
20181
20182
20184
20185
20186
20187
20188
20189
20190
20191
20192
20194
20195
20196
20197
20198
22003
22009
22015
22025
22026
22027
22030
22031
22032
22033
22034
22035
22036
22037
22038
22039
22040
22041
22042
22043
22044
22046
22060
22066
22067
22079
22081
22082
22095
22096
22101
22102
22103
22106
22107
22108
22109
22116
22118
22119
22121
22122
22124
22125
22134
22135
22150
22151
22152
22153
22156
22158
22159
22160
22161
22172
22180
22181
22182
22183
22185
22191
22192
22193
22194
22195
22199
22201
22202
22203
22204
22205
22206
22207
22209
22210
22211
22212
22213
22214
22215
22216
22217
22219
22225
22226
22227
22230
22240
22241
22242
22243
22244
22245
22246
22301
22302
22303
22304
22305
22306
22307
22308
22309
22310
22311
22312
22313
22314
22315
22320
22331
22332
22333
22334
22350
22401
22402
22403
22404
22406
22407
22412
22427
22428
22430
22433
22438
22443
22446
22448
22451
22463
22471
22476
22481
22485
22501
22503
22509
22526
22535
22538
22542
22544
22545
22547
22551
22551
22552
22553
22554
22555
22556
22558
22565
22567
22567
22578
22580
22580
22581
22601
22602
22603
22610
22611
22620
22622
22623
22624
22626
22627
22630
22639
22640
22641
22642
22643
22645
22646
22649
22650
22652
22655
22656
22657
22660
22663
22701
22701
22701
22711
22712
22713
22714
22715
22716
22718
22719
22720
22722
22724
22725
22726
22728
22729
22730
22732
22733
22733
22734
22735
22735
22736
22737
22739
22740
22740
22741
22742
22743
22743
22746
22747
22749
22948
22960
22960
22960
22989
23021
23061
23070
23072
23076
23089
23089
23092
23168
23169
23175
23185
23185
23188
23314
23320
23321
23322
23323
23324
23325
23327
23430
23434
23435
23451
23452
23453
23454
23455
23456
23462
23464
23471
23487
23502
23503
23504
23505
23507
23508
23509
23513
23517
23518
23523
23601
23602
23603
23605
23606
23607
23608
23661
23662
23663
23666
23669
23690
23692
23693
23696
23701
23702
23703
23704
23851
23898
20307
20558
51001
51003
51008
51009
51022
51024
51031
51035
51036
51038
51041
51045
51046
51050
51062
51109
51201
51201
51231
51232
51232
51238
51245
51248
51248
51249
51345
51346
51346
51350
51350
51354
55007
55037
55072
55601
55602
55607
55609
55614
55616
55702
55704
55705
55706
55707
55708
55710
55711
55712
55713
55716
55717
55718
55719
55720
55724
55726
55732
55733
55734
55735
55736
55738
55741
55742
55746
55747
55749
55749
55750
55751
55752
55753
55756
55756
55757
55758
55760
55763
55764
55765
55766
55767
55767
55768
55775
55777
55779
55780
55783
55783
55784
55787
55787
55791
55792
55793
55795
55797
55798
55801
55802
55803
55804
55805
55806
55807
55808
55810
55811
55812
55814
55815
55816
56113
56113
56114
56115
56115
56117
56119
56119
56122
56123
56125
56131
56131
56132
56132
56136
56141
56149
56151
56157
56165
56167
56167
56168
56169
56170
56170
56172
56175
56175
56178
56178
56185
56186
56187
56187
56350
56469
68730
68736
68739
68751
68757
68770
68774
68792
57002
57006
57007
57010
57010
57025
57026
57031
57038
57040
57045
57046
57051
57052
57054
57059
57061
57063
57067
57069
57071
57072
57078
57212
57214
57220
57249
57276
57301
57311
57321
57323
57331
57332
57334
57337
57340
57349
57354
57366
57374
57376
54801
54806
54814
54816
54820
54821
54827
54830
54830
54832
54836
54838
54839
54842
54843
54843
54844
54845
54847
54849
54850
54854
54855
54856
54859
54859
54861
54864
54865
54873
54874
54875
54880
54888
54890
54891
54893
07002
07003
07004
07005
07006
07007
07009
07010
07011
07012
07013
07014
07015
07017
07018
07019
07020
07021
07022
07024
07026
07028
07029
07030
07031
07032
07034
07035
07039
07040
07041
07042
07043
07044
07045
07046
07047
07050
07051
07052
07054
07055
07057
07058
07068
07070
07071
07072
07073
07074
07075
07078
07079
07082
07086
07087
07093
07094
07096
07097
07099
07101
07102
07103
07104
07105
07106
07107
07108
07109
07110
07111
07112
07114
07175
07184
07188
07189
07191
07192
07193
07195
07198
07199
07302
07303
07304
07305
07306
07307
07308
07310
07311
07395
07399
07401
07403
07405
07407
07410
07417
07420
07421
07423
07424
07430
07432
07435
07436
07438
07440
07442
07444
07446
07450
07451
07452
07456
07457
07458
07460
07463
07465
07470
07474
07480
07481
07495
07501
07502
07503
07504
07505
07506
07507
07508
07509
07510
07511
07512
07513
07514
07522
07524
07533
07538
07543
07544
07601
07602
07603
07604
07605
07606
07607
07608
07620
07621
07624
07626
07627
07628
07630
07631
07632
07640
07641
07642
07643
07644
07645
07646
07647
07648
07649
07650
07652
07653
07656
07657
07660
07661
07662
07663
07666
07670
07675
07676
07677
07699
07801
07802
07803
07806
07834
07836
07837
07842
07843
07845
07847
07849
07850
07852
07856
07857
07866
07869
07871
07876
07878
07885
07926
07927
07928
07930
07932
07933
07935
07936
07940
07945
07946
07950
07960
07961
07962
07963
07970
07976
07980
07981
07999
83352
83605
83606
83607
83616
83617
83619
83622
83623
83626
83627
83629
83630
83633
83634
83636
83641
83642
83644
83647
83651
83652
83653
83655
83656
83660
83661
83669
83670
83676
83680
83686
83687
83701
83702
83703
83704
83705
83706
83707
83708
83709
83711
83712
83713
83714
83715
83716
83717
83719
83720
83722
83724
83725
83726
83728
83729
83731
83732
83735
83756
83799
97002
97004
97005
97006
97007
97008
97009
97010
97011
97013
97014
97015
97016
97017
97018
97019
97020
97022
97023
97024
97026
97027
97028
97030
97031
97032
97034
97035
97036
97038
97041
97042
97044
97045
97048
97049
97051
97053
97054
97055
97056
97060
97062
97064
97067
97068
97070
97071
97075
97076
97077
97080
97086
97089
97101
97102
97103
97106
97107
97108
97109
97110
97111
97112
97113
97114
97115
97116
97117
97118
97119
97121
97122
97123
97124
97125
97127
97128
97130
97131
97132
97133
97134
97135
97136
97137
97138
97140
97141
97143
97144
97145
97146
97147
97148
97149
97201
97202
97203
97204
97205
97206
97207
97208
97209
97210
97211
97212
97213
97214
97215
97216
97217
97218
97219
97220
97221
97222
97223
97224
97225
97227
97228
97229
97230
97231
97232
97233
97236
97238
97239
97240
97242
97256
97258
97266
97267
97268
97269
97280
97281
97282
97283
97286
97290
97291
97292
97293
97294
97296
97298
97301
97302
97303
97304
97305
97306
97307
97308
97309
97310
97311
97312
97314
97317
97321
97321
97322
97324
97324
97325
97326
97326
97327
97329
97330
97331
97333
97333
97335
97336
97338
97339
97341
97342
97343
97344
97345
97346
97347
97348
97350
97351
97352
97355
97357
97358
97360
97361
97361
97362
97364
97366
97368
97369
97370
97370
97371
97373
97374
97375
97376
97377
97378
97381
97383
97384
97385
97386
97388
97389
97392
97396
97401
97402
97403
97404
97405
97407
97408
97409
97411
97412
97413
97413
97414
97416
97417
97419
97420
97423
97424
97426
97429
97430
97431
97432
97434
97435
97436
97437
97438
97439
97440
97441
97443
97446
97446
97447
97448
97449
97451
97452
97453
97454
97455
97456
97457
97458
97459
97461
97462
97463
97466
97467
97469
97470
97471
97473
97477
97478
97479
97480
97481
97486
97487
97488
97489
97490
97492
97493
97494
97495
97496
97499
98601
98603
98604
98606
98607
98609
98611
98612
98614
98616
98621
98622
98624
98625
98626
98629
98631
98632
98637
98638
98638
98641
98642
98643
98644
98645
98647
98649
98660
98661
98662
98663
98664
98665
98666
98668
98671
98674
98675
98682
98683
98684
98685
98686
98687
75001
75002
75006
75007
75009
75010
75011
75013
75019
75022
75023
75024
75025
75026
75027
75028
75029
75030
75033
75034
75035
75038
75039
75040
75041
75042
75043
75044
75045
75046
75047
75048
75049
75056
75057
75058
75058
75062
75063
75065
75067
75068
75069
75070
75071
75074
75075
75077
75078
75080
75081
75082
75083
75085
75086
75087
75088
75089
75093
75094
75097
75098
75099
75121
75150
75166
75173
75204
75205
75206
75209
75214
75218
75219
75220
75225
75228
75229
75230
75231
75234
75235
75238
75240
75243
75244
75247
75248
75251
75252
75254
75261
75287
75358
75407
75409
75424
75442
75454
75485
75495
75495
76051
76099
76201
76202
76203
76204
76205
76206
76207
76208
76209
76210
76226
76227
76258
76258
76271
76271
01005
01031
01037
01068
01074
01083
01092
01094
01331
01331
01366
01368
01368
10501
10502
10503
10504
10505
10506
10507
10510
10511
10514
10517
10518
10519
10520
10521
10522
10523
10526
10527
10528
10530
10532
10533
10535
10536
10538
10540
10541
10543
10545
10546
10547
10548
10549
10560
10562
10566
10567
10570
10573
10576
10577
10578
10580
10583
10587
10588
10589
10590
10591
10594
10595
10596
10597
10598
10601
10602
10603
10604
10605
10606
10607
10610
10701
10702
10703
10704
10705
10706
10707
10708
10709
10710
10801
10802
10803
10804
10805
60001
60002
60010
60011
60012
60013
60014
60015
60020
60021
60030
60031
60033
60033
60034
60035
60037
60039
60040
60041
60042
60044
60045
60046
60047
60048
60050
60051
60060
60061
60069
60071
60072
60073
60075
60079
60081
60083
60084
60085
60086
60087
60088
60089
60096
60097
60098
60099
60101
60102
60103
60105
60106
60108
60109
60110
60111
60112
60115
60116
60117
60118
60119
60120
60121
60122
60123
60124
60126
60128
60129
60129
60132
60134
60135
60135
60136
60137
60138
60139
60140
60142
60143
60144
60145
60145
60146
60146
60147
60148
60150
60151
60152
60156
60157
60172
60174
60175
60177
60178
60180
60181
60183
60184
60185
60186
60187
60188
60189
60190
60191
60197
60199
60399
60401
60403
60404
60407
60408
60410
60416
60421
60423
60424
60431
60433
60434
60435
60436
60437
60440
60441
60442
60444
60446
60447
60448
60449
60450
60451
60468
60474
60479
60481
60484
60490
60491
60502
60503
60504
60505
60506
60507
60510
60511
60514
60515
60516
60517
60519
60520
60521
60522
60523
60527
60532
60539
60540
60542
60544
60548
60550
60552
60554
60555
60556
60559
60561
60563
60564
60565
60566
60567
60568
60572
60585
60586
60598
60599
61012
61016
61024
61038
61038
61063
61065
61077
61079
61088
61101
61102
61103
61104
61105
61106
61109
61110
61112
61125
61126
61130
61131
61132
80103
80105
80421
80456
80510
80511
80512
80515
80517
80521
80522
80523
80524
80525
80526
80527
80528
80532
80534
80535
80536
80537
80538
80539
80540
80541
80543
80545
80546
80547
80549
80550
80551
80553
80610
80611
80612
80615
80620
80622
80624
80631
80632
80633
80634
80638
80639
80644
80645
80646
80648
80650
80652
80729
80732
80742
80754
80808
80808
80809
80813
80814
80816
80816
80817
80819
80829
80831
80831
80832
80832
80840
80863
80901
80902
80903
80904
80905
80906
80907
80908
80909
80910
80911
80912
80913
80914
80915
80916
80917
80918
80919
80920
80922
80923
80924
80925
80926
80927
80928
80929
80930
80931
80932
80933
80934
80935
80936
80937
80938
80939
80941
80942
80944
80946
80947
80949
80950
80951
80960
80962
80970
80977
80995
80997
80279
80280
80320
80321
80322
80323
80328
80329
80555
80940
80943
80945
19701
19702
19703
19706
19707
19708
19710
19711
19712
19713
19714
19715
19716
19717
19718
19720
19721
19725
19726
19731
19732
19733
19735
19736
19801
19802
19803
19804
19805
19806
19807
19808
19809
19810
19850
19880
19884
19885
19886
19890
19891
19892
19893
19894
19895
19896
19897
19898
19899
07830
07979
08644
18036
18055
19010
19085
19087
19460
19504
19505
19512
56177
98012
98020
98021
98026
98037
98087
98201
98203
98204
98208
98223
98258
98270
98271
98272
98273
98274
98290
98292
98296
98360
63007
51501
51502
51503
51510
51525
51526
51534
51536
51540
51541
51542
51546
51548
51549
51551
51553
51554
51555
51556
51559
51560
51561
51563
51570
51571
51575
51576
51648
51653
51654
55001
55003
55005
55008
55010
55011
55012
55013
55016
55020
55024
55025
55029
55031
55033
55040
55043
55044
55045
55047
55054
55056
55065
55068
55070
55073
55074
55078
55079
55083
55085
55088
55092
55124
55166
55168
55171
55301
55303
55304
55305
55306
55308
55309
55311
55313
55315
55316
55317
55318
55322
55323
55327
55328
55330
55331
55337
55339
55340
55341
55343
55344
55345
55346
55347
55348
55349
55352
55354
55356
55357
55358
55359
55360
55361
55362
55363
55364
55365
55367
55368
55369
55371
55372
55373
55374
55375
55376
55378
55379
55380
55383
55384
55386
55387
55388
55390
55391
55392
55393
55394
55395
55397
55398
55399
55431
55437
55438
55439
55441
55442
55445
55446
55447
55448
55473
55550
55551
55552
55553
55554
55556
55557
55558
55559
55560
55562
55564
55565
55566
55567
55568
55569
55570
55571
55572
55573
55574
55575
55576
55577
55578
55579
55580
55581
55582
55583
55584
55585
55586
55587
55588
55589
55590
55591
55592
55593
55594
55595
55596
55597
55598
55599
56011
56071
68002
68003
68005
68007
68008
68009
68010
68015
68016
68017
68017
68018
68022
68023
68025
68026
68028
68029
68031
68033
68034
68037
68040
68041
68042
68044
68046
68048
68056
68058
68059
68064
68066
68068
68069
68070
68072
68073
68101
68102
68103
68104
68105
68106
68107
68108
68109
68110
68111
68112
68113
68114
68116
68117
68118
68119
68120
68122
68123
68124
68127
68128
68130
68131
68132
68133
68134
68135
68136
68137
68138
68139
68142
68144
68145
68147
68152
68154
68155
68157
68164
68172
68175
68176
68178
68179
68180
68182
68183
68197
68198
68304
68307
68336
68347
68349
68366
68366
68403
68407
68409
68413
68417
68455
68461
68462
68462
68463
68504
68505
68507
68514
68517
68520
68527
68529
68531
68583
68621
54016
54020
54021
54022
54023
54025
54082
02113
01201
01202
01203
01220
01222
01223
01224
01225
01226
01227
01229
01230
01235
01235
01236
01237
01238
01240
01242
01243
01244
01245
01247
01252
01253
01254
01255
01256
01256
01257
01258
01259
01260
01262
01263
01264
01266
01267
01270
01521
03901
03902
03903
03904
03905
03906
03907
03908
03909
03910
03911
04001
04002
04004
04005
04006
04007
04014
04020
04027
04028
04030
04042
04043
04046
04047
04048
04049
04054
04056
04061
04063
04064
04072
04073
04076
04083
04087
04090
04093
04094
04095
49116
49128
49129
49420
49436
49446
49449
49449
49455
49459
49611
49612
49615
49622
49627
49629
49633
49646
49648
49659
49674
49676
49680
49706
49711
49712
49713
49716
49720
49727
49729
49730
49733
49734
49735
49738
49739
49740
49751
49769
49770
49795
49796
49797
03031
03032
03033
03034
03036
03037
03038
03040
03041
03042
03043
03044
03045
03046
03047
03048
03049
03051
03052
03053
03054
03055
03057
03060
03061
03062
03063
03064
03070
03071
03073
03076
03077
03079
03082
03084
03086
03087
03101
03102
03103
03104
03105
03106
03108
03109
03110
03111
03216
03221
03221
03224
03229
03230
03231
03233
03234
03235
03242
03243
03243
03244
03244
03255
03257
03257
03258
03260
03261
03263
03268
03272
03273
03275
03278
03281
03287
03290
03291
03301
03302
03303
03304
03305
03307
03440
03442
03449
03458
03468
03801
03802
03803
03804
03811
03819
03826
03827
03833
03840
03841
03842
03843
03844
03848
03854
03856
03857
03858
03859
03862
03865
03870
03871
03873
03874
03885
53002
53003
53004
53005
53007
53008
53012
53013
53016
53017
53018
53021
53022
53024
53027
53029
53032
53033
53034
53035
53036
53037
53038
53039
53040
53040
53045
53046
53047
53048
53050
53051
53052
53056
53058
53059
53060
53064
53066
53069
53072
53074
53075
53076
53078
53080
53086
53089
53090
53091
53092
53094
53095
53097
53098
53099
53101
53102
53103
53104
53105
53108
53109
53110
53114
53114
53115
53118
53119
53120
53121
53122
53125
53126
53127
53128
53129
53130
53132
53137
53138
53139
53140
53141
53142
53143
53144
53146
53147
53148
53149
53150
53151
53152
53153
53154
53156
53157
53158
53159
53167
53168
53170
53171
53172
53176
53177
53178
53179
53181
53182
53183
53184
53185
53186
53187
53188
53189
53190
53190
53191
53192
53194
53195
53201
53202
53203
53204
53205
53206
53207
53208
53209
53210
53211
53212
53213
53214
53215
53216
53217
53218
53219
53220
53221
53222
53223
53224
53225
53226
53227
53228
53233
53234
53235
53237
53259
53263
53267
53268
53274
53278
53288
53290
53293
53295
53401
53402
53403
53404
53405
53406
53407
53408
53501
53502
53505
53508
53511
53512
53520
53521
53523
53523
53534
53534
53536
53537
53538
53538
53542
53545
53546
53547
53548
53549
53550
53551
53557
53559
53559
53563
53563
53566
53570
53574
53575
53576
53579
53585
53585
53589
53594
53594
53916
53922
53925
53925
53932
53932
20001
20002
20004
20005
20006
20007
20008
20009
20010
20011
20012
20013
20015
20016
20017
20018
20022
20026
20027
20029
20030
20033
20035
20036
20037
20038
20039
20040
20041
20042
20043
20044
20045
20047
20049
20050
20052
20053
20055
20056
20057
20058
20059
20060
20061
20062
20063
20064
20065
20066
20067
20068
20069
20070
20071
20073
20074
20075
20076
20077
20078
20080
20081
20082
20090
20091
20201
20202
20203
20204
20206
20207
20208
20210
20211
20212
20213
20214
20215
20216
20217
20218
20219
20220
20221
20222
20223
20224
20226
20227
20228
20229
20230
20232
20233
20235
20237
20238
20239
20240
20241
20242
20244
20245
20250
20251
20254
20260
20261
20262
20265
20266
20268
20270
20277
20289
20299
56901
56902
56904
56915
56920
56933
56944
56945
56972
21001
21005
21009
21010
21012
21013
21014
21015
21017
21018
21020
21022
21023
21027
21028
21029
21029
21030
21031
21032
21034
21035
21036
21037
21040
21041
21042
21043
21044
21045
21046
21047
21048
21050
21051
21052
21053
21054
21056
21057
21060
21061
21062
21065
21071
21074
21075
21076
21077
21078
21082
21084
21085
21087
21088
21090
21092
21093
21094
21102
21104
21105
21106
21108
21111
21113
21114
21117
21120
21122
21123
21128
21130
21131
21132
21133
21136
21139
21140
21144
21146
21150
21152
21153
21154
21155
21156
21157
21158
21160
21161
21162
21163
21204
21208
21219
21220
21221
21222
21226
21227
21228
21234
21236
21237
21240
21244
21250
21252
21282
21284
21285
21286
21401
21402
21403
21404
21405
21409
21411
21412
21601
21607
21609
21610
21612
21617
21619
21623
21624
21625
21628
21629
21635
21636
21638
21639
21640
21641
21643
21644
21645
21647
21648
21649
21650
21651
21652
21653
21654
21655
21656
21657
21658
21660
21661
21662
21663
21664
21665
21666
21667
21668
21669
21670
21671
21673
21676
21677
21678
21679
21690
21701
21702
21703
21704
21705
21709
21710
21713
21714
21715
21716
21717
21718
21719
21720
21721
21723
21727
21734
21737
21738
21741
21746
21747
21749
21754
21755
21756
21757
21757
21758
21759
21762
21765
21769
21770
21771
21771
21773
21774
21775
21776
21776
21777
21778
21779
21780
21782
21783
21784
21787
21787
21788
21790
21791
21791
21792
21793
21794
21797
21798
21901
21902
21903
21904
21911
21912
21913
21914
21915
21916
21917
21918
21919
21920
21921
21922
21930
48401
48412
48413
48415
48419
48422
48426
48427
48432
48441
48441
48450
48453
48453
48465
48467
48469
48471
48475
48475
48506
48601
48602
48603
48604
48605
48606
48607
48608
48609
48610
48611
48612
48612
48613
48614
48615
48616
48617
48617
48618
48620
48622
48622
48623
48624
48624
48625
48626
48628
48629
48631
48634
48635
48636
48637
48638
48640
48641
48642
48649
48650
48652
48653
48654
48654
48655
48657
48658
48659
48661
48662
48663
48667
48670
48674
48686
48701
48703
48706
48707
48708
48710
48720
48722
48723
48724
48725
48726
48726
48729
48732
48733
48734
48735
48740
48741
48741
48747
48749
48750
48750
48754
48755
48757
48758
48759
48766
48767
48768
48787
48801
48804
48806
48807
48823
48824
48825
48826
48830
48832
48841
48842
48847
48848
48848
48856
48858
48859
48862
48867
48871
48874
48877
48877
48878
48880
48883
48889
48889
48893
48896
48901
48909
48910
48911
48912
48913
48915
48916
48918
48919
48922
48924
48929
48930
48933
48937
48951
48956
48980
49011
49016
49018
49020
49028
49033
49036
49051
49082
49082
49089
49092
49094
49203
49220
49220
49224
49224
49227
49232
49233
49233
49234
49235
49237
49237
49239
49241
49242
49245
49246
49247
49247
49248
49249
49250
49252
49252
49253
49255
49255
49256
49257
49258
49262
49264
49266
49269
49271
49274
49274
49279
49281
49282
49283
49284
49284
49288
49288
49289
49307
49307
49310
49310
49310
49312
49332
49340
49340
49342
49631
49660
49684
49721
49753
43316
43402
43403
43406
43407
43408
43410
43412
43413
43414
43416
43420
43430
43431
43432
43433
43434
43435
43436
43437
43438
43439
43440
43441
43442
43443
43445
43446
43447
43449
43450
43451
43452
43456
43457
43458
43460
43462
43463
43464
43464
43465
43466
43467
43468
43469
43501
43502
43504
43505
43506
43510
43511
43512
43512
43515
43516
43516
43517
43518
43519
43520
43521
43522
43523
43524
43525
43526
43526
43527
43528
43529
43530
43531
43532
43533
43534
43535
43536
43537
43540
43541
43542
43543
43545
43547
43548
43548
43549
43550
43551
43552
43553
43554
43555
43556
43557
43558
43565
43566
43567
43569
43570
43571
43601
43603
43604
43605
43606
43607
43608
43609
43610
43611
43614
43615
43616
43617
43619
43620
43623
43635
43652
43654
43656
43657
43659
43660
43661
43666
43667
43681
43682
43697
43699
43780
43780
43805
44281
44454
44802
44804
44807
44807
44809
44811
44811
44815
44817
44818
44818
44824
44824
44825
44828
44830
44836
44839
44841
44844
44845
44846
44847
44848
44853
44854
44854
44861
44867
44870
44871
44882
44882
44883
44887
44888
44890
45601
45601
45808
45809
45814
45815
45816
45817
45817
45820
45821
45821
45827
45827
45830
45831
45831
45831
45837
45839
45840
45841
45844
45844
45848
45849
45849
45851
45853
45855
45856
45856
45858
45861
45863
45864
45867
45868
45872
45873
45873
45875
45876
45877
45879
45881
45886
45889
45890
45891
45893
45897
20023
20046
20051
20088
20097
20098
43602
43618
43624
43653
43655
48008
48010
48011
48013
48016
48018
48019
48020
48024
48029
48031
48052
48056
48058
48077
48087
48100
48102
48129
48147
48148
48149
48171
48200
48246
48248
48258
48271
48282
48338
48344
48355
48372
48396
48407
48736
48769
48802
48863
48900
48902
48921
48950
48999
49069
49121
40033
40060
40111
40111
40152
40153
40178
40355
40359
40468
40468
41045
41045
41083
41083
42712
42716
42757
42757
42764
42784
42784
42788
83324
83349
83535
83537
83601
83602
83610
83631
83637
83645
83646
83648
83657
83666
83672
83801
83802
83803
83806
83808
83810
83812
83814
83815
83816
83823
83824
83830
83832
83833
83834
83835
83837
83839
83842
83843
83844
83846
83849
83850
83851
83854
83855
83857
83858
83861
83866
83867
83868
83869
83870
83871
83872
83873
83874
83876
83877
97475
98004
98009
98010
98013
98014
98015
98022
98024
98025
98027
98034
98035
98039
98041
98045
98047
98050
98051
98053
98061
98062
98063
98064
98065
98070
98071
98073
98083
98089
98093
98102
98104
98110
98111
98113
98114
98116
98119
98121
98124
98127
98129
98131
98134
98138
98139
98141
98145
98154
98160
98161
98164
98165
98170
98174
98175
98181
98185
98190
98191
98194
98195
98224
98288
98303
98304
98310
98311
98312
98314
98315
98322
98323
98327
98328
98329
98330
98332
98333
98335
98336
98337
98340
98342
98344
98345
98346
98348
98349
98351
98352
98353
98354
98355
98356
98359
98361
98364
98366
98367
98370
98372
98377
98378
98380
98383
98384
98386
98390
98392
98393
98394
98395
98396
98397
98398
98401
98403
98411
98412
98413
98415
98416
98417
98419
98421
98424
98430
98431
98438
98447
98448
98464
98471
98481
98490
98493
98496
98497
98501
98502
98503
98504
98505
98506
98507
98508
98509
98511
98512
98513
98516
98522
98530
98531
98532
98533
98538
98539
98540
98542
98544
98554
98556
98558
98561
98564
98565
98570
98572
98576
98577
98579
98581
98582
98585
98586
98589
98590
98591
98593
98596
98597
98599
99001
99003
99004
99005
99006
99009
99011
99012
99013
99014
99016
99017
99018
99019
99020
99021
99022
99023
99025
99026
99027
99030
99031
99033
99034
99036
99037
99039
99040
99101
99102
99104
99109
99110
99111
99113
99114
99119
99125
99126
99128
99129
99130
99131
99136
99137
99139
99141
99143
99148
99149
99151
99152
99153
99156
99157
99158
99161
99163
99164
99167
99170
99171
99173
99174
99176
99179
99180
99181
99201
99202
99203
99204
99205
99206
99207
99208
99209
99210
99211
99212
99213
99214
99215
99216
99217
99218
99219
99220
99223
99224
99228
99251
99252
99256
99258
99260
99333
60170
98132
98189