01001
01002
01003
01004
01005
01007
01008
01009
01010
01011
01012
01013
01014
01020
01021
01022
01026
01027
01028
01029
01030
01031
01032
01033
01034
01036
01037
01038
01039
01040
01041
01050
01053
01054
01056
01057
01059
01060
01061
01062
01063
01066
01068
01069
01070
01071
01072
01073
01074
01075
01077
01079
01080
01081
01082
01083
01084
01085
01086
01088
01089
01090
01092
01093
01094
01095
01096
01097
01098
01101
01102
01103
01104
01105
01106
01107
01108
01109
01111
01115
01116
01118
01119
01128
01129
01133
01138
01139
01144
01151
01152
01195
01199
01201
01202
01203
01220
01222
01223
01224
01225
01226
01227
01229
01230
01235
01236
01237
01238
01240
01242
01243
01244
01245
01247
01252
01253
01254
01255
01256
01257
01258
01259
01260
01262
01263
01264
01266
01267
01270
01301
01302
01330
01331
01332
01337
01338
01339
01340
01341
01342
01343
01344
01346
01347
01349
01350
01351
01354
01355
01360
01364
01365
01366
01367
01368
01369
01370
01373
01375
01376
01378
01379
01380
01420
01430
01431
01432
01434
01436
01438
01440
01441
01450
01451
01452
01453
01460
01462
01463
01464
01467
01468
01469
01470
01471
01472
01473
01474
01475
01477
01501
01503
01504
01505
01506
01507
01508
01509
01510
01515
01516
01517
01518
01519
01520
01521
01522
01523
01524
01525
01526
01527
01529
01531
01532
01534
01535
01536
01537
01538
01540
01541
01542
01543
01545
01546
01550
01560
01561
01562
01564
01566
01568
01569
01570
01571
01580
01581
01582
01583
01585
01586
01588
01590
01601
01602
01603
01604
01605
01606
01607
01608
01609
01610
01611
01612
01613
01614
01615
01653
01654
01655
01701
01702
01703
01704
01705
01718
01719
01720
01721
01730
01731
01740
01741
01742
01745
01746
01747
01748
01749
01752
01754
01756
01757
01760
01770
01772
01773
01775
01776
01778
01784
01801
01803
01805
01806
01807
01808
01810
01812
01813
01815
01821
01822
01824
01826
01827
01830
01831
01832
01833
01834
01835
01840
01841
01842
01843
01844
01845
01850
01851
01852
01853
01854
01860
01862
01863
01864
01865
01866
01867
01876
01879
01880
01885
01886
01887
01888
01889
01890
01899
01901
01902
01903
01904
01905
01906
01907
01908
01910
01913
01915
01921
01922
01923
01929
01930
01931
01936
01937
01938
01940
01944
01945
01949
01950
01951
01952
01960
01961
01965
01966
01969
01970
01971
01982
01983
01984
01985
02018
02019
02020
02021
02025
02026
02027
02030
02031
02032
02035
02038
02040
02041
02043
02044
02045
02047
02048
02049
02050
02051
02052
02053
02054
02055
02056
02059
02060
02061
02062
02065
02066
02067
02070
02071
02072
02081
02090
02093
02108
02109
02110
02111
02112
02113
02114
02115
02116
02117
02118
02119
02120
02121
02122
02123
02124
02125
02126
02127
02128
02129
02130
02131
02132
02133
02134
02135
02136
02137
02138
02139
02140
02141
02142
02143
02144
02145
02148
02149
02150
02151
02152
02153
02155
02156
02163
02169
02170
02171
02176
02180
02184
02185
02186
02187
02188
02189
02190
02191
02196
02199
02201
02203
02204
02205
02206
02207
02210
02211
02212
02215
02216
02217
02222
02228
02238
02239
02241
02266
02269
02283
02284
02293
02295
02297
02298
02301
02302
02303
02304
02305
02322
02324
02325
02327
02330
02331
02332
02333
02334
02337
02338
02339
02340
02341
02343
02344
02345
02346
02347
02348
02349
02350
02351
02355
02356
02357
02358
02359
02360
02361
02362
02364
02366
02367
02368
02370
02375
02376
02379
02380
02381
02382
02420
02421
02445
02446
02447
02451
02452
02453
02454
02455
02456
02457
02458
02459
02460
02461
02462
02464
02465
02466
02467
02468
02471
02472
02474
02475
02476
02477
02478
02479
02481
02482
02492
02493
02494
02495
02532
02534
02535
02536
02537
02538
02539
02540
02541
02542
02543
02552
02553
02554
02556
02557
02558
02559
02561
02562
02563
02564
02565
02568
02571
02573
02574
02575
02576
02584
02601
02630
02631
02632
02633
02634
02635
02636
02637
02638
02639
02641
02642
02643
02644
02645
02646
02647
02648
02649
02650
02651
02652
02653
02655
02657
02659
02660
02661
02662
02663
02664
02666
02667
02668
02669
02670
02671
02672
02673
02675
02702
02703
02712
02713
02714
02715
02717
02718
02719
02720
02721
02722
02723
02724
02725
02726
02738
02739
02740
02741
02742
02743
02744
02745
02746
02747
02748
02760
02761
02762
02763
02764
02766
02767
02768
02769
02770
02771
02777
02779
02780
02783
02790
02791
02801
02802
02804
02806
02807
02808
02809
02812
02813
02814
02815
02816
02817
02818
02822
02823
02824
02825
02826
02827
02828
02829
02830
02831
02832
02833
02835
02836
02837
02838
02839
02840
02841
02842
02852
02854
02857
02858
02859
02860
02861
02862
02863
02864
02865
02871
02872
02873
02874
02875
02876
02877
02878
02879
02880
02881
02882
02883
02885
02886
02887
02888
02889
02891
02892
02893
02894
02895
02896
02898
02901
02902
02903
02904
02905
02906
02907
02908
02909
02910
02911
02912
02914
02915
02916
02917
02918
02919
02920
02921
02940
03031
03032
03033
03034
03036
03037
03038
03040
03041
03042
03043
03044
03045
03046
03047
03048
03049
03051
03052
03053
03054
03055
03057
03060
03061
03062
03063
03064
03070
03071
03073
03076
03077
03079
03082
03084
03086
03087
03101
03102
03103
03104
03105
03106
03108
03109
03110
03111
03216
03221
03224
03229
03230
03231
03233
03234
03235
03242
03243
03244
03255
03257
03258
03260
03261
03263
03268
03272
03273
03275
03278
03281
03287
03290
03291
03301
03302
03303
03304
03305
03307
03440
03442
03449
03458
03468
03801
03802
03803
03804
03805
03811
03819
03820
03821
03822
03823
03824
03825
03826
03827
03833
03840
03841
03842
03843
03844
03848
03854
03856
03857
03858
03859
03861
03862
03865
03869
03870
03871
03873
03874
03884
03885
05501
05544
06001
06002
06006
06010
06011
06013
06016
06018
06019
06020
06021
06022
06023
06024
06025
06026
06027
06028
06029
06030
06031
06032
06033
06034
06035
06037
06039
06040
06041
06042
06043
06045
06050
06051
06052
06053
06057
06058
06059
06060
06061
06062
06063
06064
06065
06066
06067
06068
06069
06070
06071
06072
06073
06074
06075
06076
06077
06078
06079
06080
06081
06082
06083
06084
06085
06087
06088
06089
06090
06091
06092
06093
06094
06095
06096
06098
06101
06102
06103
06104
06105
06106
06107
06108
06109
06110
06111
06112
06114
06115
06117
06118
06119
06120
06123
06126
06127
06128
06129
06131
06132
06133
06134
06137
06138
06140
06141
06142
06143
06144
06145
06146
06147
06150
06151
06152
06153
06154
06155
06156
06160
06161
06167
06176
06180
06183
06199
06226
06230
06231
06232
06233
06234
06235
06237
06238
06239
06241
06242
06243
06244
06245
06246
06247
06248
06249
06250
06251
06254
06255
06256
06258
06259
06260
06262
06263
06264
06265
06266
06267
06268
06269
06277
06278
06279
06280
06281
06282
06320
06330
06331
06332
06333
06334
06335
06336
06338
06339
06340
06349
06350
06351
06353
06354
06355
06357
06359
06360
06365
06370
06371
06372
06373
06374
06375
06376
06377
06378
06379
06380
06382
06383
06384
06385
06386
06387
06388
06389
06401
06403
06404
06405
06408
06409
06410
06411
06412
06413
06414
06415
06416
06417
06418
06419
06420
06422
06423
06424
06426
06437
06438
06439
06440
06441
06442
06443
06444
06447
06450
06451
06454
06455
06456
06457
06459
06460
06461
06467
06468
06469
06470
06471
06472
06473
06474
06475
06477
06478
06479
06480
06481
06482
06483
06484
06487
06488
06489
06491
06492
06493
06494
06495
06497
06498
06501
06502
06503
06504
06505
06506
06507
06508
06509
06510
06511
06512
06513
06514
06515
06516
06517
06518
06519
06520
06521
06524
06525
06530
06531
06532
06533
06534
06535
06536
06537
06538
06540
06601
06602
06604
06605
06606
06607
06608
06610
06611
06612
06614
06615
06650
06673
06699
06701
06702
06703
06704
06705
06706
06708
06710
06712
06716
06720
06721
06722
06723
06724
06725
06726
06749
06750
06751
06752
06753
06754
06755
06756
06757
06758
06759
06762
06763
06770
06776
06777
06778
06779
06781
06782
06783
06784
06785
06786
06787
06790
06791
06792
06793
06794
06795
06796
06798
06801
06804
06805
06807
06810
06811
06812
06813
06814
06816
06817
06820
06824
06825
06828
06829
06830
06831
06836
06838
06840
06850
06851
06852
06853
06854
06855
06856
06857
06858
06859
06860
06870
06875
06876
06877
06878
06879
06880
06881
06883
06888
06889
06890
06896
06897
06901
06902
06903
06904
06905
06906
06907
06910
06911
06912
06913
06914
06920
06921
06922
06925
06926
06927
06928
07001
07002
07003
07004
07005
07006
07007
07008
07009
07010
07011
07012
07013
07014
07015
07016
07020
07021
07022
07023
07024
07026
07027
07028
07029
07030
07031
07032
07033
07034
07035
07036
07039
07040
07041
07042
07043
07044
07045
07046
07047
07050
07051
07052
07054
07055
07057
07058
07059
07060
07061
07062
07063
07064
07065
07066
07067
07068
07069
07070
07071
07072
07073
07074
07075
07076
07077
07078
07079
07080
07081
07082
07083
07086
07087
07088
07090
07091
07092
07093
07094
07095
07096
07097
07099
07101
07102
07103
07104
07105
07106
07107
07108
07109
07110
07112
07114
07175
07184
07188
07189
07191
07192
07193
07195
07198
07199
07201
07202
07203
07204
07205
07206
07207
07208
07307
07401
07403
07405
07407
07410
07416
07417
07418
07419
07420
07421
07422
07423
07424
07428
07430
07432
07435
07436
07438
07439
07440
07442
07444
07446
07450
07451
07452
07456
07457
07458
07460
07461
07462
07463
07465
07470
07474
07480
07481
07495
07501
07502
07503
07504
07505
07506
07507
07508
07509
07510
07511
07512
07513
07514
07522
07524
07533
07538
07543
07544
07601
07602
07603
07604
07605
07606
07607
07608
07620
07621
07624
07626
07627
07628
07630
07631
07632
07640
07641
07642
07643
07644
07645
07646
07647
07648
07649
07650
07652
07653
07656
07657
07660
07661
07662
07663
07666
07670
07675
07676
07677
07699
07701
07702
07703
07704
07709
07710
07711
07712
07715
07716
07717
07718
07719
07720
07721
07722
07723
07724
07726
07727
07728
07730
07731
07732
07733
07734
07735
07737
07738
07739
07740
07746
07747
07748
07750
07751
07752
07753
07754
07755
07756
07757
07758
07760
07762
07763
07764
07765
07799
07801
07802
07803
07806
07820
07821
07822
07823
07825
07826
07827
07828
07829
07830
07831
07832
07833
07834
07836
07837
07838
07839
07840
07842
07843
07844
07845
07846
07847
07848
07849
07850
07851
07852
07853
07855
07856
07857
07860
07863
07865
07866
07869
07870
07871
07874
07875
07876
07877
07878
07879
07880
07881
07882
07885
07890
07901
07902
07920
07921
07922
07924
07926
07927
07928
07930
07931
07932
07933
07934
07935
07936
07938
07939
07940
07945
07946
07950
07960
07961
07962
07963
07970
07974
07976
07977
07978
07979
07980
07981
07999
08001
08002
08003
08004
08005
08006
08007
08008
08009
08010
08011
08012
08014
08015
08016
08018
08019
08020
08021
08022
08023
08025
08026
08027
08028
08029
08030
08031
08032
08033
08034
08035
08036
08037
08038
08039
08041
08042
08043
08045
08046
08048
08049
08050
08051
08052
08053
08054
08055
08056
08057
08059
08060
08061
08062
08063
08064
08065
08066
08067
08068
08069
08070
08071
08072
08073
08074
08075
08076
08077
08078
08079
08080
08081
08083
08084
08085
08086
08087
08088
08089
08090
08091
08092
08093
08094
08095
08096
08097
08098
08099
08101
08102
08103
08104
08105
08106
08107
08108
08109
08110
08201
08202
08203
08204
08205
08210
08212
08213
08214
08215
08217
08218
08219
08220
08221
08223
08224
08225
08226
08230
08231
08232
08234
08240
08241
08242
08243
08244
08245
08246
08247
08248
08250
08251
08252
08260
08270
08302
08310
08311
08312
08313
08314
08315
08316
08317
08318
08319
08320
08321
08322
08323
08324
08326
08327
08328
08329
08330
08332
08340
08341
08342
08343
08344
08345
08346
08347
08348
08349
08350
08352
08353
08360
08361
08362
08401
08402
08403
08404
08405
08406
08501
08502
08504
08505
08510
08511
08512
08513
08514
08515
08518
08520
08521
08525
08526
08527
08528
08530
08531
08533
08534
08535
08536
08540
08541
08542
08543
08544
08550
08551
08553
08554
08555
08556
08557
08558
08559
08560
08561
08562
08601
08602
08603
08604
08605
08606
08607
08608
08609
08610
08611
08618
08619
08620
08625
08628
08629
08638
08640
08641
08645
08646
08647
08648
08650
08666
08690
08691
08692
08695
08701
08720
08721
08722
08723
08724
08730
08731
08732
08733
08734
08735
08736
08738
08739
08740
08741
08742
08750
08751
08752
08753
08754
08755
08756
08757
08758
08759
08801
08802
08803
08804
08805
08807
08808
08809
08810
08812
08816
08817
08818
08820
08821
08822
08823
08824
08825
08826
08827
08828
08829
08830
08831
08832
08833
08834
08835
08836
08837
08840
08844
08846
08848
08850
08852
08853
08854
08855
08857
08858
08859
08861
08862
08863
08865
08867
08868
08869
08870
08871
08872
08873
08875
08876
08879
08880
08882
08884
08885
08886
08887
08888
08889
08890
08899
08901
08902
08903
08904
08906
08933
08989
10301
10302
10303
10304
10305
10306
10307
10308
10309
10310
10311
10312
10313
10314
10464
10466
10470
10471
10475
10501
10502
10503
10504
10505
10506
10507
10509
10510
10511
10512
10514
10516
10517
10518
10519
10520
10521
10522
10523
10524
10526
10527
10528
10530
10532
10533
10535
10536
10537
10538
10540
10541
10542
10543
10545
10546
10547
10548
10549
10550
10551
10552
10553
10560
10562
10566
10567
10570
10573
10576
10577
10578
10579
10580
10583
10587
10588
10589
10590
10591
10594
10595
10596
10597
10598
10601
10602
10603
10604
10605
10606
10607
10610
10701
10702
10703
10704
10705
10706
10707
10708
10709
10710
10801
10802
10803
10804
10805
10901
10910
10911
10912
10913
10914
10915
10916
10917
10918
10919
10920
10921
10922
10923
10924
10925
10926
10927
10928
10930
10931
10932
10933
10940
10941
10949
10950
10952
10953
10954
10956
10958
10959
10960
10962
10963
10964
10965
10968
10969
10970
10973
10974
10975
10976
10977
10979
10980
10981
10982
10983
10984
10985
10986
10987
10988
10989
10990
10992
10993
10994
10996
10997
10998
11930
11937
11954
11975
12007
12015
12017
12024
12029
12037
12042
12045
12046
12050
12051
12055
12058
12060
12062
12075
12076
12083
12087
12093
12106
12115
12120
12123
12124
12125
12130
12132
12136
12143
12156
12165
12167
12168
12172
12173
12174
12176
12184
12192
12193
12195
12401
12402
12404
12405
12406
12407
12409
12410
12411
12412
12413
12414
12416
12417
12418
12419
12420
12421
12422
12423
12424
12427
12428
12429
12430
12431
12432
12433
12434
12435
12436
12438
12439
12440
12441
12442
12443
12444
12446
12448
12449
12450
12451
12452
12453
12454
12455
12456
12457
12458
12459
12460
12461
12463
12464
12465
12466
12468
12469
12470
12471
12472
12473
12474
12475
12477
12480
12481
12482
12483
12484
12485
12486
12487
12489
12490
12491
12492
12493
12494
12495
12496
12498
12501
12502
12503
12504
12506
12507
12508
12510
12511
12512
12513
12514
12515
12516
12517
12518
12520
12521
12522
12523
12524
12525
12526
12527
12528
12529
12530
12531
12533
12534
12537
12538
12540
12541
12542
12543
12544
12545
12546
12547
12548
12549
12550
12551
12552
12553
12555
12561
12563
12564
12565
12566
12567
12568
12569
12570
12571
12572
12574
12575
12577
12578
12580
12581
12582
12583
12584
12585
12586
12588
12589
12590
12592
12593
12594
12601
12602
12603
12604
12701
12719
12720
12721
12722
12723
12724
12725
12726
12727
12729
12732
12733
12734
12736
12737
12738
12740
12741
12742
12743
12745
12746
12747
12748
12749
12750
12751
12752
12754
12758
12759
12760
12761
12762
12763
12764
12765
12766
12767
12768
12769
12770
12771
12775
12776
12777
12778
12779
12780
12781
12783
12784
12785
12786
12787
12788
12789
12790
12791
12792
13036
13042
13044
13069
13074
13076
13083
13114
13121
13126
13131
13132
13135
13142
13144
13145
13167
13202
13203
13207
13210
13214
13215
13224
13290
13302
13309
13316
13325
13327
13345
13367
13368
13404
13426
13433
13437
13473
13493
13601
13603
13605
13607
13608
13612
13615
13618
13619
13620
13622
13624
13626
13628
13631
13634
13636
13637
13641
13648
13650
13656
13659
13661
13673
13682
13685
13691
13731
13739
13740
13750
13751
13752
13753
13755
13756
13757
13774
13775
13782
13783
13786
13788
13804
13806
13838
13839
13842
13846
13847
13856
13860
14201
14202
14203
14204
14206
14207
14208
14209
14210
14211
14212
14213
14214
14215
14216
14218
14220
14222
14223
14225
14410
14420
14428
14430
14445
14450
14464
14467
14468
14472
14506
14508
14511
14514
14515
14526
14534
14543
14546
14559
14580
14586
14602
14603
14604
14605
14606
14607
14608
14609
14610
14611
14612
14613
14614
14615
14616
14617
14618
14619
14620
14621
14622
14623
14624
14625
14626
14627
14638
14639
14642
14643
14644
14646
14647
14649
14650
14651
14652
14653
14692
14694
15001
15003
15004
15005
15006
15007
15009
15010
15012
15014
15015
15017
15018
15019
15020
15021
15022
15024
15025
15026
15027
15028
15030
15031
15032
15033
15034
15035
15037
15038
15042
15043
15044
15045
15046
15047
15049
15050
15051
15052
15053
15054
15055
15056
15057
15059
15060
15061
15062
15063
15064
15065
15066
15067
15068
15069
15071
15072
15074
15075
15076
15077
15078
15081
15082
15083
15084
15085
15086
15087
15088
15089
15090
15091
15095
15096
15101
15102
15104
15106
15108
15110
15112
15116
15120
15122
15123
15126
15127
15129
15131
15132
15133
15134
15135
15136
15137
15139
15140
15142
15143
15144
15145
15146
15147
15148
15201
15202
15203
15204
15205
15206
15207
15208
15209
15210
15211
15212
15213
15214
15215
15216
15217
15218
15219
15220
15221
15222
15223
15224
15225
15226
15227
15228
15229
15230
15231
15232
15233
15234
15235
15236
15237
15238
15239
15240
15241
15242
15243
15244
15250
15251
15252
15253
15254
15255
15257
15258
15259
15260
15261
15262
15263
15264
15265
15267
15268
15270
15272
15274
15275
15276
15277
15278
15279
15281
15282
15283
15285
15286
15289
15290
15295
15301
15311
15312
15313
15314
15317
15321
15322
15323
15324
15325
15329
15330
15331
15332
15333
15336
15339
15340
15342
15345
15346
15347
15348
15350
15353
15357
15358
15360
15361
15363
15364
15365
15366
15367
15368
15376
15377
15378
15379
15412
15413
15415
15417
15419
15420
15422
15423
15425
15427
15428
15429
15430
15431
15432
15433
15434
15435
15438
15442
15444
15446
15447
15448
15449
15450
15455
15462
15463
15464
15466
15468
15469
15473
15475
15477
15479
15480
15482
15483
15486
15488
15490
15492
15533
15536
15601
15605
15606
15610
15611
15612
15613
15615
15616
15617
15618
15619
15620
15621
15622
15623
15624
15625
15626
15627
15628
15629
15631
15632
15633
15634
15635
15636
15637
15638
15639
15640
15641
15642
15644
15646
15647
15650
15655
15656
15658
15660
15661
15662
15663
15664
15665
15666
15668
15670
15671
15672
15673
15674
15675
15676
15677
15678
15679
15680
15681
15682
15683
15684
15685
15686
15687
15688
15689
15690
15691
15692
15693
15695
15696
15697
15698
15701
15705
15713
15716
15717
15720
15723
15725
15727
15731
15732
15736
15748
15750
15752
15754
15756
15774
15779
15783
15923
15949
16001
16002
16003
16016
16017
16018
16020
16021
16022
16023
16024
16025
16027
16028
16029
16030
16033
16034
16037
16039
16040
16041
16045
16046
16048
16049
16050
16051
16052
16053
16055
16056
16057
16059
16061
16063
16066
16101
16102
16103
16105
16107
16108
16112
16115
16116
16117
16120
16123
16132
16136
16140
16141
16143
16155
16156
16157
16160
16201
16210
16212
16215
16218
16222
16226
16228
16229
16236
16238
16244
16249
16250
16259
16261
16262
16263
16611
16621
16622
16623
16633
16634
16638
16647
16652
16654
16657
16660
16666
16669
16672
16674
16677
16678
16679
16683
16685
16686
16689
16690
16691
16693
16694
16801
16802
16803
16804
16805
16820
16821
16822
16823
16826
16827
16828
16829
16832
16834
16835
16839
16840
16841
16842
16844
16847
16848
16849
16851
16852
16853
16854
16856
16858
16859
16860
16864
16865
16866
16868
16870
16871
16872
16874
16875
16877
16879
16882
16930
16938
17001
17002
17003
17004
17005
17006
17007
17009
17010
17011
17012
17013
17014
17015
17016
17017
17018
17019
17020
17021
17022
17023
17024
17025
17026
17027
17028
17029
17030
17032
17033
17034
17035
17036
17037
17038
17039
17040
17041
17042
17043
17044
17045
17046
17047
17048
17049
17050
17051
17052
17053
17054
17055
17056
17057
17058
17059
17060
17061
17062
17063
17064
17065
17066
17067
17068
17069
17070
17071
17072
17073
17074
17075
17076
17077
17078
17080
17081
17082
17083
17084
17085
17086
17087
17088
17089
17090
17093
17094
17097
17098
17099
17101
17102
17103
17104
17105
17106
17107
17108
17109
17110
17111
17112
17113
17120
17121
17122
17123
17124
17125
17126
17127
17128
17129
17130
17140
17177
17201
17202
17210
17212
17213
17214
17215
17216
17217
17219
17220
17221
17222
17223
17224
17225
17228
17229
17230
17231
17232
17233
17235
17236
17237
17238
17239
17240
17241
17243
17244
17246
17247
17249
17250
17251
17252
17253
17254
17255
17256
17257
17260
17261
17262
17263
17264
17265
17266
17267
17268
17271
17272
17301
17302
17303
17304
17306
17307
17309
17310
17311
17312
17313
17314
17315
17316
17317
17318
17319
17320
17321
17322
17323
17324
17325
17327
17329
17331
17332
17333
17334
17335
17337
17339
17340
17342
17343
17344
17345
17347
17349
17350
17352
17353
17354
17355
17356
17358
17360
17361
17362
17363
17364
17365
17366
17368
17370
17371
17372
17375
17401
17402
17403
17404
17405
17406
17407
17408
17415
17501
17502
17503
17504
17505
17506
17507
17508
17509
17512
17516
17517
17518
17519
17520
17521
17522
17527
17528
17529
17532
17533
17534
17535
17536
17537
17538
17540
17543
17545
17547
17549
17550
17551
17552
17554
17555
17556
17557
17560
17562
17563
17564
17565
17566
17567
17568
17569
17570
17572
17573
17575
17576
17578
17579
17580
17581
17582
17583
17584
17585
17601
17602
17603
17604
17605
17606
17607
17608
17611
17622
17699
17701
17702
17703
17705
17720
17721
17723
17724
17726
17727
17728
17729
17730
17731
17735
17737
17739
17740
17742
17744
17745
17747
17748
17749
17750
17751
17752
17754
17756
17758
17760
17762
17763
17764
17765
17767
17768
17769
17771
17772
17774
17776
17777
17778
17779
17801
17810
17812
17813
17814
17815
17820
17821
17822
17823
17824
17827
17829
17830
17831
17832
17833
17834
17835
17836
17837
17839
17840
17841
17842
17843
17844
17845
17846
17847
17850
17851
17853
17855
17856
17857
17858
17859
17860
17861
17862
17864
17865
17866
17867
17868
17870
17872
17876
17877
17878
17880
17881
17882
17883
17884
17885
17886
17887
17888
17889
17901
17920
17921
17922
17923
17925
17929
17930
17931
17932
17933
17934
17935
17936
17938
17941
17943
17944
17945
17946
17948
17949
17951
17952
17953
17954
17957
17959
17960
17961
17963
17964
17965
17966
17967
17968
17970
17972
17974
17976
17978
17979
17980
17981
17982
17983
17985
18001
18002
18003
18010
18011
18012
18013
18014
18015
18016
18017
18018
18020
18025
18030
18031
18032
18034
18035
18036
18037
18038
18039
18040
18041
18042
18043
18044
18045
18046
18049
18050
18051
18052
18053
18054
18055
18056
18058
18059
18060
18062
18063
18064
18065
18066
18067
18068
18069
18070
18071
18072
18073
18074
18076
18077
18078
18079
18080
18081
18083
18084
18085
18086
18087
18088
18091
18092
18098
18099
18101
18102
18103
18104
18105
18106
18109
18195
18201
18202
18210
18211
18212
18214
18216
18218
18219
18220
18221
18222
18223
18224
18225
18229
18230
18231
18232
18234
18235
18237
18239
18240
18241
18242
18244
18245
18246
18247
18248
18249
18250
18251
18252
18254
18255
18256
18301
18302
18320
18321
18322
18323
18324
18325
18326
18327
18328
18330
18331
18332
18333
18334
18335
18336
18337
18340
18341
18342
18343
18344
18346
18347
18348
18349
18350
18351
18352
18353
18354
18355
18356
18357
18360
18370
18371
18372
18373
18403
18407
18410
18411
18413
18414
18416
18419
18420
18421
18424
18425
18426
18427
18428
18431
18433
18434
18435
18436
18440
18441
18444
18445
18446
18447
18448
18451
18452
18456
18457
18458
18459
18460
18463
18464
18466
18471
18472
18501
18502
18503
18504
18505
18507
18508
18509
18510
18512
18515
18517
18518
18519
18540
18577
18601
18602
18603
18610
18611
18612
18614
18615
18616
18617
18618
18619
18621
18622
18623
18624
18625
18626
18627
18628
18629
18630
18631
18632
18634
18635
18636
18640
18641
18642
18643
18644
18651
18653
18654
18655
18656
18657
18660
18661
18690
18701
18702
18703
18704
18705
18706
18707
18708
18709
18710
18711
18762
18764
18765
18766
18767
18769
18773
18824
18833
18844
18846
18901
18902
18910
18911
18912
18913
18914
18915
18916
18917
18918
18920
18921
18922
18923
18924
18925
18926
18927
18928
18929
18930
18931
18932
18933
18934
18935
18936
18938
18940
18942
18943
18944
18946
18947
18949
18950
18951
18953
18954
18955
18956
18957
18958
18960
18962
18963
18964
18966
18968
18969
18970
18971
18972
18974
18976
18977
18979
18980
18981
18991
19001
19002
19003
19004
19006
19007
19008
19009
19010
19012
19013
19014
19015
19016
19017
19018
19019
19020
19021
19022
19023
19025
19026
19027
19028
19029
19030
19031
19032
19033
19034
19035
19036
19037
19038
19039
19040
19041
19043
19044
19046
19047
19048
19049
19050
19052
19053
19054
19055
19056
19057
19058
19060
19061
19063
19064
19065
19066
19067
19070
19072
19073
19074
19075
19076
19078
19079
19080
19081
19082
19083
19085
19086
19087
19088
19089
19090
19091
19092
19093
19094
19095
19096
19098
19099
19101
19102
19103
19104
19105
19106
19107
19108
19109
19110
19111
19112
19113
19114
19115
19116
19118
19119
19120
19122
19123
19124
19126
19127
19128
19129
19130
19131
19135
19136
19137
19138
19139
19141
19142
19143
19144
19145
19146
19147
19148
19149
19150
19151
19152
19153
19154
19155
19160
19161
19162
19170
19171
19172
19173
19175
19176
19177
19178
19179
19181
19182
19183
19184
19185
19187
19188
19190
19191
19192
19193
19194
19195
19196
19197
19244
19255
19301
19310
19311
19312
19316
19317
19318
19319
19320
19330
19331
19333
19335
19339
19340
19341
19342
19343
19344
19345
19346
19347
19348
19350
19351
19352
19353
19354
19355
19357
19358
19360
19362
19363
19364
19365
19366
19367
19369
19371
19372
19373
19374
19375
19376
19380
19381
19382
19383
19388
19390
19395
19397
19398
19399
19401
19403
19404
19405
19406
19407
19408
19409
19415
19420
19421
19422
19423
19424
19425
19426
19428
19429
19430
19432
19435
19436
19437
19438
19440
19441
19442
19443
19444
19446
19450
19451
19453
19454
19455
19456
19457
19460
19462
19464
19465
19468
19470
19472
19473
19474
19475
19477
19478
19480
19481
19482
19483
19484
19485
19486
19487
19489
19490
19492
19493
19494
19495
19496
19501
19503
19504
19505
19506
19507
19508
19510
19511
19512
19516
19518
19519
19520
19522
19523
19525
19526
19529
19530
19533
19534
19535
19536
19538
19539
19540
19541
19542
19543
19544
19545
19547
19548
19549
19550
19551
19552
19554
19555
19559
19560
19562
19564
19565
19567
19568
19601
19602
19603
19604
19605
19606
19607
19608
19609
19610
19611
19612
19701
19702
19703
19706
19707
19708
19709
19710
19711
19712
19713
19714
19715
19716
19717
19718
19720
19721
19725
19726
19730
19731
19732
19733
19734
19735
19736
19801
19802
19803
19804
19805
19806
19807
19808
19809
19810
19850
19880
19884
19885
19886
19889
19890
19891
19892
19893
19894
19895
19896
19897
19898
19899
19901
19902
19903
19904
19905
19906
19930
19931
19933
19934
19936
19938
19939
19940
19941
19943
19944
19945
19946
19947
19950
19951
19952
19953
19954
19955
19956
19958
19960
19961
19962
19963
19964
19966
19967
19968
19969
19970
19971
19973
19975
19977
19979
19980
20001
20002
20003
20004
20005
20006
20007
20008
20009
20010
20011
20012
20013
20015
20016
20017
20018
20019
20020
20022
20023
20024
20026
20027
20029
20030
20032
20033
20035
20036
20037
20038
20039
20040
20041
20042
20043
20044
20045
20046
20047
20049
20050
20051
20052
20053
20055
20056
20057
20058
20059
20060
20061
20062
20063
20064
20065
20066
20067
20068
20069
20070
20071
20073
20074
20075
20076
20077
20078
20080
20081
20082
20088
20090
20091
20097
20098
20099
20101
20102
20103
20104
20105
20106
20107
20108
20109
20110
20111
20112
20113
20115
20116
20117
20118
20119
20120
20121
20122
20124
20128
20129
20130
20131
20132
20134
20135
20136
20137
20138
20139
20140
20141
20142
20143
20144
20146
20147
20148
20149
20151
20152
20153
20155
20156
20158
20159
20160
20163
20164
20165
20166
20167
20168
20169
20170
20171
20172
20175
20176
20177
20178
20180
20181
20182
20184
20185
20186
20187
20188
20189
20190
20191
20192
20193
20194
20195
20196
20197
20198
20199
20201
20202
20203
20204
20206
20207
20208
20210
20211
20212
20213
20214
20215
20216
20217
20218
20219
20220
20221
20222
20223
20224
20226
20227
20228
20229
20230
20231
20232
20233
20235
20237
20238
20239
20240
20241
20242
20244
20245
20250
20251
20254
20260
20261
20262
20265
20266
20268
20270
20277
20289
20299
20301
20303
20306
20307
20310
20314
20315
20317
20318
20319
20330
20332
20336
20337
20338
20340
20350
20355
20370
20372
20373
20374
20375
20376
20380
20388
20389
20390
20391
20392
20393
20394
20395
20398
20401
20402
20403
20404
20405
20406
20407
20408
20409
20410
20411
20412
20413
20414
20415
20416
20417
20418
20419
20420
20421
20422
20423
20424
20425
20426
20427
20428
20429
20431
20433
20434
20435
20436
20437
20439
20440
20441
20442
20444
20447
20451
20453
20456
20460
20463
20468
20469
20470
20472
20500
20501
20502
20503
20504
20505
20506
20507
20508
20509
20510
20511
20515
20520
20521
20522
20523
20524
20525
20526
20527
20528
20529
20530
20531
20532
20533
20534
20535
20536
20537
20538
20539
20540
20541
20542
20543
20544
20546
20547
20548
20549
20550
20551
20552
20553
20554
20555
20557
20558
20559
20560
20565
20566
20570
20571
20572
20573
20575
20576
20577
20578
20579
20580
20581
20585
20586
20588
20590
20591
20593
20594
20597
20598
20599
20601
20602
20603
20604
20606
20607
20608
20609
20610
20611
20612
20613
20615
20616
20617
20618
20619
20620
20621
20622
20623
20624
20625
20626
20627
20628
20629
20630
20632
20634
20635
20636
20637
20639
20640
20643
20645
20646
20650
20653
20656
20657
20658
20659
20660
20661
20662
20664
20667
20670
20674
20675
20676
20677
20678
20680
20682
20684
20685
20686
20687
20688
20689
20690
20692
20693
20695
20697
20701
20703
20704
20705
20706
20707
20708
20709
20710
20711
20712
20714
20715
20716
20717
20718
20719
20720
20721
20722
20723
20724
20725
20726
20731
20732
20733
20735
20736
20737
20738
20740
20741
20742
20743
20744
20745
20746
20747
20748
20749
20750
20751
20752
20753
20754
20755
20757
20758
20759
20762
20763
20764
20765
20768
20769
20770
20771
20772
20773
20774
20775
20776
20777
20778
20779
20781
20782
20783
20784
20785
20787
20788
20790
20791
20792
20794
20797
20799
20810
20811
20812
20813
20814
20815
20816
20817
20818
20824
20825
20827
20830
20832
20833
20837
20838
20839
20841
20842
20847
20848
20849
20850
20851
20852
20853
20854
20855
20857
20859
20860
20861
20862
20866
20868
20871
20872
20874
20875
20876
20877
20878
20879
20880
20882
20883
20884
20885
20886
20889
20891
20892
20894
20895
20896
20897
20898
20899
20901
20902
20903
20904
20905
20906
20907
20908
20910
20911
20912
20913
20914
20915
20916
20918
20993
20997
21001
21005
21009
21010
21012
21013
21014
21015
21017
21018
21020
21022
21023
21027
21028
21029
21030
21031
21032
21034
21035
21036
21037
21040
21041
21042
21043
21044
21045
21046
21047
21048
21050
21051
21052
21053
21054
21056
21057
21060
21061
21062
21065
21071
21074
21075
21076
21077
21078
21082
21084
21085
21087
21088
21090
21092
21093
21094
21098
21102
21104
21105
21106
21108
21111
21113
21114
21117
21120
21122
21123
21128
21130
21131
21132
21133
21136
21139
21140
21144
21146
21150
21152
21153
21154
21155
21156
21157
21158
21160
21161
21162
21163
21201
21202
21203
21204
21205
21206
21207
21208
21209
21210
21211
21212
21213
21214
21215
21216
21217
21218
21219
21220
21221
21222
21223
21224
21225
21226
21227
21228
21229
21230
21231
21233
21234
21235
21236
21237
21239
21240
21241
21244
21250
21251
21252
21260
21263
21264
21265
21268
21270
21273
21274
21275
21278
21279
21280
21281
21282
21283
21284
21285
21286
21287
21288
21289
21290
21297
21298
21401
21402
21403
21404
21405
21409
21411
21412
21601
21607
21609
21610
21612
21613
21617
21619
21620
21622
21623
21624
21625
21626
21627
21628
21629
21631
21632
21634
21635
21636
21638
21639
21640
21641
21643
21644
21645
21647
21648
21649
21650
21651
21652
21653
21654
21655
21656
21657
21658
21659
21660
21661
21662
21663
21664
21665
21666
21667
21668
21669
21670
21671
21672
21673
21675
21676
21677
21678
21679
21690
21701
21702
21703
21704
21705
21709
21710
21713
21714
21715
21716
21717
21718
21719
21720
21721
21723
21727
21733
21734
21737
21738
21740
21741
21742
21746
21747
21748
21749
21754
21755
21756
21757
21758
21759
21762
21765
21767
21769
21770
21771
21773
21774
21775
21776
21777
21778
21779
21780
21781
21782
21783
21784
21787
21788
21790
21791
21792
21793
21794
21795
21797
21798
21801
21802
21803
21804
21810
21811
21813
21814
21822
21826
21829
21830
21835
21837
21840
21841
21842
21843
21849
21850
21851
21852
21853
21856
21861
21862
21863
21864
21865
21869
21872
21874
21875
21890
21901
21902
21903
21904
21911
21912
21913
21914
21915
21916
21917
21918
21919
21920
21921
21922
21930
22003
22009
22015
22025
22026
22027
22030
22031
22032
22033
22034
22035
22036
22037
22038
22039
22040
22041
22042
22043
22044
22046
22060
22066
22067
22079
22081
22082
22092
22095
22096
22101
22102
22103
22106
22107
22108
22109
22116
22118
22119
22121
22122
22124
22125
22134
22135
22150
22151
22152
22153
22156
22158
22159
22160
22161
22172
22180
22181
22182
22183
22184
22185
22191
22192
22193
22194
22195
22199
22201
22202
22203
22204
22205
22206
22207
22209
22210
22211
22212
22213
22214
22215
22216
22217
22219
22222
22225
22226
22227
22229
22230
22234
22240
22241
22242
22243
22244
22245
22246
22301
22302
22303
22304
22305
22306
22307
22308
22309
22310
22311
22312
22313
22314
22315
22320
22331
22332
22333
22334
22336
22350
22401
22402
22403
22404
22405
22406
22407
22408
22412
22427
22428
22430
22433
22436
22437
22438
22442
22443
22446
22448
22451
22454
22460
22463
22469
22471
22472
22476
22481
22485
22488
22501
22504
22508
22509
22514
22520
22524
22526
22529
22534
22535
22538
22542
22544
22545
22546
22547
22548
22551
22552
22553
22554
22555
22556
22558
22560
22565
22567
22570
22572
22577
22580
22581
22601
22602
22603
22604
22610
22611
22620
22622
22623
22624
22625
22626
22627
22630
22637
22639
22640
22641
22642
22643
22645
22646
22649
22650
22652
22654
22655
22656
22657
22660
22663
22701
22709
22711
22712
22713
22714
22715
22716
22718
22719
22720
22722
22723
22724
22725
22726
22727
22728
22729
22730
22731
22732
22733
22734
22735
22736
22737
22738
22739
22740
22741
22742
22743
22746
22747
22748
22749
22901
22902
22903
22904
22905
22906
22907
22908
22909
22910
22911
22920
22923
22924
22931
22932
22935
22936
22937
22938
22940
22942
22943
22945
22946
22947
22948
22957
22959
22960
22963
22965
22968
22969
22972
22973
22974
22987
22989
23002
23004
23005
23009
23011
23014
23015
23022
23023
23024
23027
23030
23038
23039
23040
23047
23055
23058
23059
23060
23063
23065
23067
23069
23075
23081
23083
23084
23085
23086
23089
23090
23091
23093
23102
23103
23105
23106
23108
23110
23111
23112
23113
23114
23115
23116
23117
23120
23123
23124
23126
23127
23129
23139
23140
23141
23146
23147
23148
23150
23153
23156
23160
23161
23162
23168
23170
23173
23177
23181
23185
23186
23187
23188
23192
23218
23219
23220
23221
23222
23223
23224
23225
23226
23227
23228
23229
23230
23231
23232
23233
23234
23235
23236
23237
23238
23241
23242
23249
23250
23255
23260
23261
23269
23273
23274
23276
23278
23279
23282
23284
23285
23286
23288
23289
23290
23291
23292
23293
23294
23295
23297
23298
23304
23314
23315
23320
23321
23322
23323
23324
23325
23326
23327
23328
23397
23424
23430
23431
23450
23451
23452
23453
23454
23455
23456
23457
23458
23459
23460
23461
23462
23463
23464
23465
23466
23467
23471
23479
23487
23501
23502
23503
23504
23505
23506
23507
23508
23509
23510
23511
23513
23514
23515
23517
23518
23519
23523
23529
23541
23551
23601
23602
23603
23604
23605
23606
23607
23608
23609
23612
23628
23630
23651
23661
23662
23663
23664
23665
23666
23667
23668
23669
23670
23681
23690
23691
23692
23693
23694
23696
23701
23702
23703
23704
23705
23707
23708
23709
23801
23803
23805
23822
23824
23827
23828
23829
23830
23831
23832
23833
23834
23836
23837
23838
23839
23840
23841
23842
23844
23846
23847
23850
23851
23860
23866
23867
23870
23872
23874
23875
23876
23878
23881
23882
23883
23884
23885
23888
23889
23890
23891
23894
23897
23898
23899
23901
23909
23921
23922
23930
23936
23955
23966
24416
24562
24590
24599
30002
30003
30004
30005
30006
30007
30008
30009
30010
30012
30013
30014
30015
30016
30017
30019
30021
30022
30023
30024
30026
30028
30029
30030
30031
30032
30033
30034
30035
30036
30037
30038
30039
30040
30041
30042
30043
30044
30045
30046
30047
30048
30049
30054
30055
30056
30058
30060
30061
30062
30063
30064
30065
30066
30067
30068
30069
30070
30071
30072
30074
30075
30076
30077
30078
30079
30080
30081
30082
30083
30084
30085
30086
30087
30088
30090
30091
30092
30093
30094
30095
30096
30097
30098
30099
30101
30102
30106
30107
30111
30114
30115
30126
30127
30142
30144
30146
30151
30152
30156
30160
30161
30168
30169
30183
30188
30189
30213
30236
30237
30238
30250
30260
30268
30272
30273
30274
30287
30288
30291
30294
30296
30297
30298
30515
30518
30519
43316
43402
43403
43406
43407
43408
43410
43412
43413
43414
43416
43420
43430
43431
43432
43433
43434
43435
43436
43437
43438
43439
43440
43441
43442
43443
43445
43446
43447
43449
43450
43451
43452
43456
43457
43458
43460
43462
43463
43464
43465
43466
43467
43468
43469
43501
43502
43504
43505
43506
43510
43511
43512
43515
43516
43517
43518
43519
43520
43521
43522
43523
43524
43525
43526
43527
43528
43529
43530
43531
43532
43533
43534
43535
43536
43537
43540
43541
43542
43543
43545
43547
43548
43549
43550
43551
43552
43553
43554
43555
43556
43557
43558
43560
43565
43566
43567
43569
43570
43571
43601
43602
43603
43604
43605
43606
43607
43608
43609
43610
43611
43612
43613
43614
43615
43616
43617
43618
43619
43620
43623
43624
43635
43652
43653
43654
43655
43656
43657
43659
43660
43661
43666
43667
43681
43682
43697
43699
43780
43805
44001
44004
44010
44011
44012
44017
44021
44022
44023
44024
44026
44028
44030
44035
44039
44040
44041
44044
44046
44047
44048
44050
44052
44053
44054
44055
44056
44057
44060
44062
44064
44065
44067
44070
44072
44073
44074
44076
44077
44081
44084
44085
44086
44087
44089
44090
44092
44094
44095
44099
44101
44102
44103
44104
44105
44106
44107
44108
44109
44110
44111
44112
44113
44114
44115
44116
44117
44118
44119
44120
44121
44122
44123
44124
44125
44126
44127
44128
44129
44130
44131
44132
44133
44134
44135
44136
44137
44138
44139
44140
44141
44142
44143
44144
44145
44146
44147
44149
44178
44181
44185
44188
44189
44190
44191
44192
44193
44194
44195
44197
44198
44199
44201
44202
44203
44210
44212
44214
44215
44216
44217
44221
44222
44223
44224
44230
44231
44232
44233
44234
44235
44236
44240
44241
44243
44250
44251
44253
44254
44255
44256
44258
44260
44262
44264
44266
44270
44272
44273
44274
44275
44276
44278
44280
44281
44282
44286
44287
44288
44301
44302
44303
44304
44305
44306
44307
44308
44309
44310
44311
44312
44313
44314
44315
44316
44317
44319
44320
44321
44322
44325
44326
44328
44333
44334
44372
44393
44396
44398
44399
44401
44402
44406
44408
44410
44411
44412
44413
44416
44418
44420
44425
44428
44429
44430
44440
44444
44446
44449
44450
44451
44454
44460
44470
44471
44473
44481
44482
44483
44484
44485
44486
44488
44491
44501
44502
44503
44504
44505
44506
44507
44509
44510
44511
44512
44513
44514
44515
44555
44601
44606
44609
44612
44613
44614
44618
44619
44626
44632
44634
44636
44641
44643
44644
44645
44646
44647
44657
44661
44662
44665
44666
44667
44669
44670
44672
44677
44685
44688
44691
44702
44703
44704
44705
44706
44707
44708
44709
44710
44714
44718
44720
44721
44730
44802
44804
44805
44807
44809
44811
44814
44815
44816
44817
44818
44822
44824
44825
44826
44828
44830
44833
44836
44837
44839
44840
44841
44842
44843
44844
44845
44846
44847
44848
44851
44853
44854
44855
44857
44859
44861
44864
44865
44866
44867
44870
44871
44875
44878
44880
44882
44883
44887
44888
44889
44890
44901
44902
44903
44904
44905
44906
44907
44999
45001
45153
45310
45601
45801
45802
45804
45805
45806
45807
45808
45809
45813
45814
45815
45816
45817
45820
45821
45822
45826
45827
45828
45830
45831
45832
45833
45837
45838
45839
45840
45841
45844
45846
45848
45849
45850
45851
45853
45854
45855
45856
45858
45860
45861
45862
45863
45864
45866
45867
45868
45872
45873
45874
45875
45876
45877
45879
45880
45881
45882
45883
45886
45887
45889
45890
45891
45893
45894
45897
45898
45899
46501
46502
46504
46506
46507
46508
46510
46511
46513
46514
46515
46516
46517
46524
46526
46527
46528
46530
46536
46537
46538
46539
46540
46542
46543
46544
46545
46546
46550
46552
46553
46554
46555
46556
46561
46562
46563
46565
46567
46570
46571
46572
46573
46574
46580
46581
46582
46590
46595
46601
46613
46614
46615
46616
46617
46619
46624
46626
46628
46634
46635
46637
46660
46680
46699
46701
46702
46703
46704
46705
46706
46710
46711
46713
46714
46721
46723
46725
46730
46731
46732
46733
46737
46738
46740
46741
46742
46743
46745
46746
46747
46748
46750
46755
46759
46760
46761
46763
46764
46765
46766
46767
46769
46770
46771
46772
46773
46774
46776
46777
46778
46779
46780
46781
46782
46783
46784
46785
46786
46787
46788
46789
46791
46792
46793
46794
46795
46796
46797
46798
46799
46801
46802
46803
46804
46805
46806
46807
46808
46809
46814
46815
46816
46818
46819
46825
46835
46845
46850
46851
46852
46853
46854
46855
46856
46857
46858
46859
46860
46861
46862
46863
46864
46865
46866
46867
46868
46869
46885
46895
46896
46897
46898
46899
46901
46902
46903
46904
46910
46911
46912
46914
46919
46921
46922
46926
46928
46930
46931
46932
46933
46935
46936
46937
46938
46939
46940
46941
46942
46943
46945
46946
46947
46950
46951
46952
46953
46957
46958
46959
46961
46962
46965
46967
46970
46971
46974
46975
46978
46979
46980
46982
46984
46986
46987
46988
46989
46990
46991
46992
46994
46995
46998
47326
47336
47348
47359
47369
47371
47373
47381
48001
48002
48003
48004
48005
48006
48007
48008
48009
48010
48011
48012
48013
48014
48015
48016
48017
48018
48019
48020
48021
48022
48023
48024
48025
48026
48027
48028
48029
48030
48031
48032
48033
48034
48035
48036
48037
48038
48039
48040
48041
48042
48043
48044
48045
48046
48047
48048
48049
48050
48051
48052
48054
48056
48058
48059
48060
48061
48062
48063
48064
48065
48066
48067
48068
48069
48070
48071
48072
48073
48074
48075
48076
48077
48079
48080
48081
48082
48083
48084
48085
48086
48087
48088
48089
48090
48091
48092
48093
48094
48095
48096
48097
48098
48099
48100
48101
48102
48103
48104
48105
48106
48107
48108
48109
48110
48111
48112
48113
48114
48115
48116
48117
48118
48120
48121
48122
48123
48124
48125
48126
48127
48128
48129
48130
48131
48133
48134
48135
48136
48137
48138
48139
48140
48141
48143
48144
48145
48146
48147
48148
48149
48150
48151
48152
48153
48154
48157
48158
48159
48160
48161
48162
48164
48165
48166
48167
48168
48169
48170
48171
48173
48174
48175
48176
48177
48178
48179
48180
48182
48183
48184
48185
48186
48187
48188
48189
48190
48191
48192
48193
48195
48197
48198
48200
48201
48202
48203
48204
48205
48206
48207
48208
48209
48210
48211
48212
48213
48214
48215
48216
48217
48218
48219
48220
48221
48222
48223
48224
48225
48226
48227
48228
48229
48230
48231
48232
48233
48234
48235
48236
48237
48238
48239
48240
48242
48243
48244
48246
48248
48255
48258
48260
48264
48265
48266
48267
48268
48269
48271
48272
48275
48277
48278
48279
48282
48288
48301
48302
48303
48304
48306
48307
48308
48309
48310
48311
48312
48313
48314
48315
48316
48317
48318
48320
48321
48322
48323
48324
48325
48326
48327
48328
48329
48330
48331
48332
48333
48334
48335
48336
48338
48340
48341
48342
48343
48344
48346
48347
48348
48350
48353
48355
48356
48357
48359
48360
48361
48362
48363
48366
48367
48370
48371
48372
48374
48375
48376
48377
48380
48381
48382
48383
48386
48387
48390
48391
48393
48396
48397
48401
48407
48411
48412
48413
48414
48415
48416
48417
48418
48419
48420
48421
48422
48423
48426
48427
48428
48429
48430
48432
48433
48435
48436
48437
48438
48439
48440
48441
48442
48444
48446
48449
48450
48451
48453
48454
48455
48457
48458
48460
48461
48462
48463
48464
48465
48466
48467
48469
48471
48473
48475
48476
48480
48501
48502
48503
48504
48505
48506
48507
48509
48519
48529
48531
48532
48550
48551
48552
48553
48554
48555
48556
48557
48601
48602
48603
48604
48605
48606
48607
48608
48609
48610
48611
48612
48613
48614
48615
48616
48617
48618
48620
48622
48623
48624
48625
48626
48628
48629
48631
48634
48635
48636
48637
48638
48640
48641
48642
48649
48650
48652
48653
48654
48655
48657
48658
48659
48661
48662
48663
48667
48670
48674
48686
48701
48703
48706
48707
48708
48710
48720
48722
48723
48724
48725
48726
48727
48729
48732
48733
48734
48735
48736
48740
48741
48744
48746
48747
48749
48750
48754
48755
48757
48758
48759
48760
48766
48767
48768
48769
48787
48801
48802
48804
48805
48806
48807
48808
48809
48811
48812
48813
48815
48816
48817
48818
48819
48820
48821
48822
48823
48824
48825
48826
48827
48829
48830
48831
48832
48833
48834
48835
48836
48837
48838
48840
48841
48842
48843
48844
48845
48846
48847
48848
48849
48850
48851
48852
48853
48854
48855
48856
48857
48858
48859
48860
48861
48862
48863
48864
48865
48866
48867
48870
48871
48872
48873
48874
48875
48876
48877
48878
48879
48880
48881
48882
48883
48884
48885
48886
48887
48888
48889
48890
48891
48892
48893
48894
48895
48896
48897
48900
48901
48902
48906
48908
48909
48910
48911
48912
48913
48915
48916
48917
48918
48919
48921
48922
48924
48929
48930
48933
48937
48950
48951
48956
48980
48999
49001
49002
49003
49004
49005
49006
49007
49008
49009
49010
49011
49012
49013
49014
49015
49016
49017
49018
49019
49020
49021
49022
49023
49024
49026
49027
49028
49029
49030
49031
49032
49033
49034
49035
49036
49037
49038
49039
49040
49041
49042
49043
49045
49046
49047
49048
49050
49051
49052
49053
49055
49056
49057
49058
49060
49061
49062
49063
49064
49065
49066
49067
49068
49069
49070
49071
49072
49073
49074
49075
49076
49077
49078
49079
49080
49081
49082
49083
49084
49085
49087
49088
49089
49090
49091
49092
49093
49094
49095
49096
49097
49098
49099
49101
49102
49103
49104
49106
49107
49111
49112
49113
49115
49117
49119
49120
49121
49125
49126
49127
49130
49201
49202
49203
49204
49220
49221
49224
49227
49228
49229
49230
49232
49233
49234
49235
49236
49237
49238
49239
49240
49241
49242
49245
49246
49247
49248
49249
49250
49251
49252
49253
49254
49255
49256
49257
49258
49259
49261
49262
49263
49264
49265
49266
49267
49268
49269
49270
49271
49272
49274
49276
49277
49279
49281
49282
49283
49284
49285
49286
49287
49288
49289
49301
49302
49303
49306
49307
49310
49311
49312
49314
49315
49316
49317
49318
49319
49321
49322
49323
49325
49326
49327
49328
49329
49330
49331
49332
49333
49335
49336
49337
49339
49340
49341
49342
49343
49344
49345
49346
49347
49348
49349
49351
49355
49356
49357
49401
49403
49404
49406
49408
49409
49412
49413
49415
49416
49417
49418
49419
49421
49422
49423
49424
49425
49426
49427
49428
49429
49430
49434
49435
49437
49440
49441
49442
49443
49444
49445
49448
49450
49451
49452
49453
49456
49457
49460
49461
49463
49464
49468
49501
49502
49503
49504
49505
49506
49507
49508
49509
49510
49512
49514
49515
49516
49518
49519
49523
49525
49528
49530
49534
49544
49546
49548
49550
49555
49560
49588
49599
49631
49660
49684
49721
49753
50002
50003
50020
50022
50025
50026
50029
50032
50033
50038
50039
50042
50048
50050
50058
50059
50061
50063
50066
50069
50070
50072
50074
50076
50107
50108
50109
50110
50111
50115
50117
50128
50129
50131
50133
50146
50149
50155
50160
50164
50167
50174
50211
50213
50216
50217
50218
50220
50222
50226
50229
50233
50235
50241
50250
50254
50261
50262
50263
50264
50265
50266
50273
50274
50275
50276
50277
50301
50302
50303
50304
50305
50306
50309
50310
50311
50312
50313
50314
50315
50316
50317
50318
50319
50320
50321
50322
50323
50324
50325
50327
50332
50333
50336
50392
50393
50394
50801
50830
50831
50833
50835
50836
50837
50839
50840
50841
50842
50843
50845
50846
50847
50848
50849
50851
50853
50854
50857
50858
50859
50860
50861
50862
50863
50864
51501
51502
51503
51510
51520
51521
51523
51525
51526
51527
51528
51529
51530
51531
51532
51533
51534
51535
51536
51537
51540
51541
51542
51543
51544
51545
51546
51548
51549
51550
51551
51552
51553
51554
51555
51556
51557
51558
51559
51560
51561
51562
51563
51564
51565
51566
51570
51571
51572
51573
51575
51576
51577
51578
51579
51601
51603
51630
51631
51632
51636
51637
51638
51639
51640
51645
51646
51647
51648
51649
51650
51651
51652
51653
51654
51656
54001
54002
54003
54004
54005
54006
54007
54009
54010
54011
54013
54014
54015
54016
54017
54020
54021
54022
54023
54024
54025
54026
54027
54028
54082
54563
54610
54611
54612
54622
54625
54629
54635
54643
54661
54701
54702
54703
54720
54721
54722
54723
54724
54725
54726
54727
54728
54729
54730
54732
54733
54734
54735
54736
54737
54738
54739
54740
54741
54742
54743
54745
54746
54747
54748
54749
54750
54751
54755
54756
54757
54758
54759
54760
54761
54762
54763
54764
54765
54767
54768
54769
54770
54771
54772
54773
54774
54801
54805
54810
54812
54813
54817
54818
54819
54822
54824
54826
54829
54830
54834
54837
54840
54841
54845
54848
54853
54857
54858
54859
54864
54868
54870
54871
54872
54876
54888
54889
54893
54895
55001
55002
55003
55005
55006
55007
55008
55009
55010
55011
55012
55013
55014
55016
55017
55018
55019
55020
55021
55024
55025
55026
55027
55029
55030
55031
55032
55033
55036
55037
55038
55040
55041
55042
55043
55044
55045
55046
55047
55049
55051
55052
55053
55054
55055
55056
55057
55060
55063
55065
55066
55067
55068
55069
55070
55071
55072
55073
55074
55075
55076
55077
55078
55079
55080
55082
55083
55084
55085
55087
55088
55089
55090
55092
55101
55102
55103
55104
55105
55106
55107
55108
55109
55110
55111
55112
55113
55114
55115
55116
55117
55118
55119
55120
55121
55122
55123
55124
55125
55126
55127
55128
55129
55130
55133
55150
55155
55164
55165
55168
55175
55301
55302
55303
55304
55305
55306
55307
55308
55309
55310
55311
55312
55313
55314
55315
55316
55317
55318
55319
55320
55321
55322
55323
55324
55325
55327
55328
55329
55330
55331
55332
55333
55334
55335
55336
55337
55338
55339
55340
55341
55342
55343
55344
55345
55346
55347
55348
55349
55350
55352
55353
55354
55355
55356
55357
55358
55359
55360
55361
55362
55363
55364
55365
55366
55367
55368
55369
55370
55371
55372
55373
55374
55375
55376
55377
55378
55379
55380
55381
55382
55383
55384
55385
55386
55387
55388
55389
55390
55391
55392
55393
55394
55395
55396
55397
55398
55399
55401
55402
55403
55404
55405
55406
55407
55408
55409
55410
55411
55412
55413
55414
55415
55416
55417
55418
55419
55420
55421
55422
55423
55424
55425
55426
55427
55428
55429
55430
55431
55432
55433
55434
55435
55436
55437
55438
55439
55440
55441
55442
55443
55444
55445
55446
55447
55448
55449
55450
55454
55455
55458
55459
55460
55467
55472
55473
55478
55479
55480
55487
55488
55550
55551
55552
55553
55554
55555
55556
55557
55558
55559
55560
55561
55562
55563
55564
55565
55566
55567
55568
55580
55581
55582
55583
55584
55585
55586
55587
55588
55589
55590
55591
55592
55594
55901
55902
55903
55904
55905
55906
55909
55910
55912
55917
55918
55920
55922
55923
55924
55925
55926
55927
55929
55932
55933
55934
55935
55936
55939
55940
55942
55943
55944
55945
55946
55949
55950
55951
55952
55953
55954
55955
55956
55957
55959
55960
55961
55962
55963
55964
55965
55967
55968
55969
55970
55971
55972
55973
55974
55975
55976
55977
55979
55981
55982
55983
55985
55987
55988
55990
55991
55992
56001
56002
56003
56006
56007
56009
56010
56011
56013
56014
56016
56017
56019
56020
56021
56022
56023
56024
56025
56026
56027
56028
56029
56030
56031
56032
56033
56034
56035
56036
56037
56039
56041
56042
56043
56044
56045
56046
56047
56048
56050
56051
56052
56054
56055
56056
56057
56058
56060
56062
56063
56065
56068
56069
56071
56072
56073
56074
56075
56078
56080
56081
56082
56083
56084
56085
56087
56088
56089
56090
56091
56093
56096
56097
56098
56301
56302
56303
56304
56307
56308
56310
56312
56313
56314
56316
56317
56318
56319
56320
56321
56325
56328
56329
56330
56331
56333
56334
56335
56336
56338
56340
56342
56344
56345
56347
56350
56352
56353
56355
56356
56357
56358
56359
56360
56362
56363
56364
56367
56368
56369
56371
56373
56374
56375
56376
56377
56378
56379
56382
56384
56385
56386
56387
56389
56393
56395
56397
56401
56425
56431
56443
56444
56449
56450
56455
56901
56902
56904
56915
56920
56933
56944
56945
56972
58001
58002
58004
58005
58006
58007
58008
58009
58011
58012
58013
58015
58016
58017
58018
58021
58027
58029
58030
58031
58032
58033
58035
58036
58038
58040
58041
58042
58043
58045
58046
58047
58048
58049
58051
58052
58053
58054
58056
58057
58058
58059
58060
58061
58062
58063
58064
58065
58067
58068
58069
58071
58072
58074
58075
58076
58077
58078
58079
58081
58102
58103
58104
58105
58106
58107
58108
58109
58124
58125
58126
60002
60004
60005
60006
60007
60008
60009
60010
60011
60012
60013
60014
60015
60016
60017
60018
60020
60021
60022
60025
60026
60029
60030
60031
60035
60037
60038
60039
60040
60041
60042
60043
60044
60045
60046
60047
60048
60049
60050
60051
60053
60055
60056
60060
60061
60062
60064
60065
60067
60068
60069
60070
60071
60072
60073
60074
60075
60076
60077
60078
60079
60081
60082
60083
60084
60085
60086
60087
60088
60089
60090
60091
60092
60093
60094
60095
60096
60097
60098
60099
60101
60102
60103
60104
60106
60107
60108
60109
60110
60116
60117
60118
60119
60120
60121
60122
60123
60124
60125
60126
60128
60130
60131
60132
60133
60134
60136
60137
60138
60139
60140
60141
60142
60143
60147
60148
60152
60153
60154
60155
60156
60157
60159
60160
60161
60162
60163
60164
60165
60168
60169
60170
60171
60172
60173
60174
60175
60176
60177
60179
60180
60181
60183
60184
60185
60186
60187
60188
60189
60190
60191
60192
60193
60194
60195
60196
60197
60199
60201
60202
60203
60204
60208
60209
60290
60301
60302
60303
60304
60305
60399
60401
60402
60403
60404
60406
60409
60411
60412
60415
60417
60419
60422
60423
60425
60426
60428
60429
60430
60431
60432
60433
60434
60435
60436
60438
60439
60440
60441
60443
60445
60446
60448
60449
60451
60452
60453
60454
60455
60456
60457
60458
60459
60461
60462
60463
60464
60465
60466
60467
60469
60471
60472
60473
60475
60476
60477
60478
60480
60482
60484
60487
60490
60491
60499
60501
60502
60503
60504
60505
60506
60507
60510
60512
60513
60514
60515
60516
60517
60519
60521
60522
60523
60525
60526
60527
60532
60534
60538
60539
60540
60542
60543
60544
60546
60554
60555
60558
60559
60560
60561
60563
60564
60565
60566
60567
60568
60570
60572
60585
60586
60597
60598
60599
60601
60602
60603
60604
60605
60606
60607
60608
60609
60610
60611
60612
60613
60614
60615
60616
60617
60618
60619
60620
60621
60622
60623
60624
60625
60626
60628
60629
60630
60631
60632
60633
60634
60636
60637
60638
60639
60640
60641
60642
60643
60644
60645
60646
60647
60649
60651
60652
60653
60654
60655
60656
60657
60659
60660
60661
60663
60664
60666
60668
60669
60670
60673
60674
60675
60677
60678
60679
60680
60681
60684
60685
60686
60687
60688
60690
60691
60693
60694
60696
60697
60699
60701
60706
60707
60712
60714
60803
60804
60805
60827
64001
64002
64011
64012
64013
64014
64015
64016
64017
64018
64019
64020
64021
64022
64024
64028
64029
64030
64034
64035
64036
64037
64040
64048
64050
64051
64052
64053
64054
64055
64056
64057
64058
64060
64061
64062
64063
64064
64065
64066
64067
64068
64069
64070
64071
64072
64073
64074
64075
64076
64077
64078
64079
64080
64081
64082
64083
64084
64085
64086
64088
64089
64090
64092
64093
64096
64097
64098
64401
64402
64420
64421
64422
64423
64424
64426
64427
64428
64429
64430
64431
64432
64433
64434
64436
64437
64438
64439
64440
64441
64442
64443
64444
64445
64446
64448
64449
64451
64453
64454
64455
64456
64457
64458
64459
64461
64463
64465
64466
64467
64468
64469
64470
64471
64473
64474
64475
64476
64477
64479
64480
64481
64482
64483
64484
64485
64486
64487
64489
64490
64491
64492
64493
64494
64496
64497
64498
64499
64601
64620
64622
64623
64624
64625
64628
64630
64631
64632
64633
64635
64636
64637
64638
64639
64640
64641
64642
64643
64644
64645
64646
64647
64648
64649
64650
64651
64652
64653
64654
64655
64656
64657
64658
64659
64660
64661
64664
64667
64668
64670
64671
64672
64673
64674
64676
64679
64680
64681
64682
64683
64686
64688
64689
66024
66035
66058
66090
66094
66403
66404
66406
66408
66411
66412
66415
66417
66424
66425
66427
66428
66434
66436
66438
66439
66508
66515
66516
66518
66522
66527
66532
66534
66538
66541
66548
66550
66552
68002
68003
68004
68005
68007
68008
68010
68014
68015
68016
68017
68018
68019
68020
68022
68023
68025
68026
68028
68029
68030
68031
68033
68034
68036
68037
68038
68039
68040
68041
68042
68044
68045
68046
68047
68048
68050
68055
68056
68057
68058
68059
68061
68062
68063
68064
68065
68066
68067
68068
68069
68070
68071
68072
68073
68101
68102
68103
68104
68105
68106
68107
68108
68109
68110
68111
68112
68113
68114
68116
68117
68118
68119
68120
68122
68123
68124
68127
68128
68130
68131
68132
68133
68134
68135
68136
68137
68138
68139
68142
68144
68145
68147
68152
68154
68155
68157
68164
68172
68178
68179
68182
68198
68301
68303
68304
68305
68307
68309
68310
68313
68314
68315
68316
68317
68318
68319
68320
68321
68322
68323
68324
68326
68327
68328
68329
68330
68331
68332
68333
68335
68336
68337
68338
68339
68341
68342
68343
68344
68345
68346
68347
68348
68349
68350
68351
68352
68354
68355
68357
68358
68359
68360
68361
68362
68364
68365
68366
68367
68368
68370
68371
68372
68376
68377
68378
68379
68380
68381
68382
68401
68402
68403
68404
68405
68406
68407
68409
68410
68413
68414
68415
68416
68417
68418
68419
68420
68421
68422
68423
68424
68428
68429
68430
68431
68433
68434
68436
68437
68438
68439
68440
68441
68442
68443
68444
68445
68446
68447
68448
68450
68452
68453
68454
68455
68456
68457
68458
68460
68461
68462
68463
68464
68465
68466
68467
68501
68502
68503
68504
68505
68506
68507
68508
68509
68510
68512
68514
68516
68517
68520
68521
68522
68523
68524
68526
68527
68528
68529
68531
68532
68542
68583
68588
68601
68602
68620
68621
68623
68624
68626
68627
68628
68629
68631
68632
68633
68634
68635
68638
68640
68641
68642
68643
68644
68647
68648
68649
68651
68652
68653
68654
68655
68658
68659
68660
68661
68662
68663
68665
68666
68667
68669
69101
69122
69127
69128
69129
69133
69141
69143
69145
69149
69153
69155
69156
69162
69165
69341
69345
69352
69356
69357
69358
69361
75001
75002
75006
75007
75009
75010
75011
75013
75014
75015
75016
75017
75019
75022
75023
75024
75025
75026
75027
75028
75029
75030
75032
75033
75034
75035
75038
75039
75040
75041
75042
75043
75044
75045
75046
75047
75048
75049
75050
75051
75052
75053
75054
75056
75057
75060
75061
75062
75063
75065
75067
75068
75069
75070
75071
75074
75075
75077
75078
75080
75081
75082
75083
75085
75086
75087
75088
75089
75093
75094
75097
75098
75099
75104
75106
75115
75116
75121
75123
75125
75126
75132
75134
75137
75138
75141
75146
75149
75150
75154
75159
75166
75167
75168
75172
75173
75180
75181
75182
75185
75187
75201
75202
75203
75204
75205
75206
75207
75208
75209
75210
75211
75212
75214
75215
75216
75217
75218
75219
75220
75221
75222
75223
75224
75225
75226
75227
75228
75229
75230
75231
75232
75233
75234
75235
75236
75237
75238
75240
75241
75242
75243
75244
75246
75247
75248
75249
75250
75251
75252
75253
75254
75260
75261
75262
75263
75264
75265
75266
75267
75270
75275
75277
75283
75284
75285
75287
75301
75303
75312
75313
75315
75320
75326
75336
75339
75342
75354
75355
75356
75357
75358
75359
75360
75367
75368
75370
75371
75372
75373
75374
75376
75378
75379
75380
75381
75382
75389
75390
75391
75392
75393
75394
75395
75397
75398
75407
75454
75936
76001
76002
76003
76004
76005
76006
76007
76008
76009
76010
76011
76012
76013
76014
76015
76016
76017
76018
76019
76020
76021
76022
76023
76028
76034
76036
76039
76040
76051
76052
76053
76054
76058
76060
76061
76063
76065
76071
76078
76082
76084
76085
76092
76094
76095
76096
76097
76098
76099
76101
76102
76103
76104
76105
76106
76107
76108
76109
76110
76111
76112
76113
76114
76115
76116
76117
76118
76119
76120
76121
76122
76123
76124
76126
76127
76129
76130
76131
76132
76133
76134
76135
76136
76137
76140
76147
76148
76150
76155
76161
76162
76163
76164
76166
76177
76179
76180
76181
76182
76185
76191
76192
76193
76195
76196
76197
76198
76199
76226
76227
76234
76244
76247
76248
76249
76258
76259
76262
76266
76267
76271
76272
76578
77002
77005
77006
77007
77008
77010
77018
77019
77024
77025
77027
77030
77040
77041
77043
77044
77046
77049
77056
77057
77058
77059
77062
77064
77065
77066
77068
77069
77070
77077
77079
77083
77084
77085
77089
77094
77095
77096
77098
77302
77304
77316
77318
77333
77336
77339
77345
77346
77350
77354
77355
77356
77358
77362
77365
77367
77373
77374
77375
77377
77379
77380
77381
77382
77384
77385
77386
77388
77389
77396
77401
77406
77415
77422
77426
77429
77430
77433
77435
77440
77441
77442
77444
77447
77449
77450
77455
77456
77459
77461
77464
77466
77469
77474
77477
77478
77479
77480
77482
77483
77484
77485
77486
77489
77493
77494
77498
77505
77507
77510
77511
77514
77515
77517
77519
77521
77523
77532
77534
77535
77536
77539
77545
77546
77554
77562
77565
77566
77571
77573
77575
77577
77578
77580
77581
77583
77584
77586
77591
77597
77611
77612
77613
77615
77619
77622
77627
77632
77650
77651
77655
77657
77659
77663
77665
77706
77707
77713
77802
77808
77830
77845
77861
77880
77904
77905
77961
77962
77968
77971
77975
77976
77978
77984
77991
78602
78610
78612
78621
78622
78640
78650
78653
78659
78662
78677
78931
78932
78933
78935
78938
78940
78946
78947
78948
78949
78950
78954
80001
80002
80003
80004
80005
80006
80007
80010
80011
80012
80013
80014
80015
80016
80017
80018
80019
80020
80021
80022
80023
80024
80025
80026
80027
80028
80030
80031
80033
80034
80035
80036
80037
80038
80040
80041
80042
80044
80045
80046
80047
80101
80102
80103
80104
80105
80106
80107
80108
80109
80110
80111
80112
80113
80116
80117
80118
80120
80121
80122
80123
80124
80125
80126
80127
80128
80129
80130
80131
80132
80133
80134
80135
80136
80137
80138
80150
80151
80155
80160
80161
80162
80163
80165
80166
80201
80202
80203
80204
80205
80206
80207
80208
80209
80210
80211
80212
80214
80215
80216
80217
80218
80219
80220
80221
80222
80223
80224
80225
80226
80227
80228
80229
80230
80231
80232
80233
80234
80235
80236
80237
80238
80239
80241
80243
80244
80246
80247
80248
80249
80250
80251
80252
80256
80257
80259
80260
80261
80262
80263
80264
80265
80266
80271
80273
80274
80279
80280
80281
80290
80291
80293
80294
80295
80299
80301
80302
80303
80304
80305
80306
80307
80308
80309
80310
80314
80321
80322
80323
80328
80329
80401
80402
80403
80419
80420
80421
80422
80423
80424
80425
80426
80427
80428
80429
80430
80432
80433
80434
80435
80436
80437
80438
80439
80440
80442
80443
80444
80446
80447
80448
80449
80451
80452
80453
80454
80455
80456
80457
80459
80461
80463
80465
80466
80467
80468
80469
80470
80471
80473
80474
80475
80476
80477
80478
80479
80480
80481
80482
80483
80487
80488
80497
80498
80501
80502
80503
80504
80510
80511
80512
80513
80514
80515
80516
80517
80520
80521
80522
80523
80524
80525
80526
80527
80528
80530
80532
80533
80534
80535
80536
80537
80538
80539
80540
80541
80542
80543
80544
80545
80546
80547
80549
80550
80551
80553
80601
80602
80603
80610
80611
80612
80614
80615
80620
80621
80622
80623
80624
80631
80632
80633
80634
80638
80639
80640
80642
80643
80644
80645
80646
80648
80649
80650
80651
80652
80653
80654
80701
80705
80720
80721
80722
80723
80726
80727
80728
80729
80731
80732
80733
80734
80735
80736
80737
80740
80741
80742
80743
80744
80745
80746
80747
80749
80750
80751
80754
80755
80757
80758
80759
80801
80802
80804
80805
80807
80808
80809
80810
80812
80813
80814
80815
80816
80817
80818
80819
80820
80821
80822
80823
80824
80825
80826
80827
80828
80829
80830
80831
80832
80833
80834
80835
80836
80840
80841
80860
80861
80862
80863
80864
80866
80901
80902
80903
80904
80905
80906
80907
80908
80909
80910
80911
80912
80913
80914
80915
80916
80917
80918
80919
80920
80921
80922
80923
80924
80925
80926
80927
80928
80929
80930
80931
80932
80933
80934
80935
80936
80937
80938
80939
80940
80941
80942
80943
80944
80945
80946
80947
80949
80950
80951
80960
80962
80970
80977
80995
80997
81001
81002
81003
81004
81005
81006
81007
81008
81009
81010
81011
81012
81019
81020
81021
81022
81023
81024
81025
81027
81029
81030
81033
81034
81036
81038
81039
81040
81041
81043
81044
81045
81046
81047
81049
81050
81052
81054
81055
81057
81058
81059
81062
81063
81064
81067
81069
81071
81073
81076
81077
81081
81082
81084
81087
81089
81090
81091
81092
81101
81102
81120
81121
81122
81123
81124
81125
81126
81127
81128
81129
81130
81131
81132
81133
81135
81136
81137
81138
81140
81141
81143
81144
81146
81147
81148
81149
81151
81152
81154
81155
81157
81201
81210
81211
81212
81215
81220
81221
81222
81223
81224
81225
81226
81227
81228
81230
81231
81232
81233
81235
81236
81237
81239
81240
81241
81242
81243
81244
81247
81248
81251
81252
81253
81290
81301
81302
81303
81320
81321
81323
81324
81325
81326
81327
81328
81329
81330
81331
81332
81334
81335
81401
81402
81403
81410
81411
81413
81414
81415
81416
81418
81419
81420
81422
81423
81424
81425
81426
81427
81428
81429
81430
81431
81432
81433
81434
81435
81501
81502
81503
81504
81505
81506
81507
81520
81521
81522
81523
81524
81525
81526
81527
81601
81602
81611
81612
81615
81620
81621
81623
81624
81625
81630
81631
81632
81635
81636
81637
81638
81639
81641
81642
81643
81645
81646
81647
81649
81650
81652
81653
81654
81655
81656
81657
81658
82001
82003
82005
82006
82007
82008
82009
82050
82051
82052
82053
82054
82055
82058
82059
82060
82061
82063
82070
82071
82072
82073
82081
82082
82083
82084
82201
82210
82214
82217
82221
82240
82243
82244
82301
82321
82323
82324
82325
82327
82329
82331
82332
82334
82335
82615
82930
82931
82933
82937
82939
83101
83201
83202
83203
83204
83205
83206
83209
83210
83211
83212
83214
83221
83223
83228
83232
83234
83236
83237
83238
83239
83245
83246
83250
83252
83254
83261
83263
83271
83272
83274
83281
83283
83286
83287
83301
83303
83311
83312
83316
83318
83321
83323
83325
83328
83330
83332
83334
83335
83338
83341
83342
83344
83346
83347
83350
83352
83355
83605
83606
83607
83616
83617
83619
83622
83623
83626
83627
83628
83629
83630
83633
83634
83636
83639
83641
83642
83644
83647
83651
83652
83653
83655
83656
83660
83661
83669
83670
83676
83680
83686
83687
83701
83702
83703
83704
83705
83706
83707
83708
83709
83711
83712
83713
83714
83715
83716
83717
83719
83720
83722
83724
83726
83728
83729
83735
84001
84002
84003
84004
84005
84006
84007
84010
84011
84013
84014
84015
84016
84017
84018
84020
84021
84022
84024
84025
84027
84028
84029
84031
84032
84033
84036
84037
84038
84040
84041
84042
84043
84044
84045
84047
84049
84050
84051
84052
84054
84055
84056
84057
84058
84059
84060
84061
84062
84064
84065
84066
84067
84068
84069
84070
84071
84072
84073
84074
84075
84080
84081
84082
84083
84084
84086
84087
84088
84089
84090
84091
84092
84093
84094
84095
84096
84097
84098
84101
84102
84103
84104
84105
84106
84107
84108
84109
84110
84111
84112
84113
84114
84115
84116
84117
84118
84119
84120
84121
84122
84123
84124
84125
84126
84127
84128
84130
84133
84134
84136
84138
84141
84143
84145
84147
84148
84150
84151
84152
84157
84158
84165
84170
84171
84180
84184
84190
84199
84301
84302
84304
84305
84306
84307
84308
84309
84310
84311
84312
84314
84315
84316
84317
84319
84320
84321
84322
84324
84325
84326
84327
84328
84330
84331
84332
84333
84334
84335
84336
84337
84338
84339
84340
84341
84401
84402
84403
84404
84405
84407
84408
84409
84412
84414
84415
84501
84518
84521
84526
84528
84529
84539
84542
84601
84602
84603
84604
84605
84606
84622
84623
84624
84626
84627
84628
84629
84632
84633
84634
84635
84636
84638
84639
84640
84642
84643
84644
84645
84646
84647
84648
84649
84651
84653
84655
84656
84660
84662
84663
84664
84665
84667
89883
93610
93635
94002
94005
94010
94011
94014
94015
94016
94017
94019
94020
94022
94023
94024
94025
94026
94027
94028
94030
94035
94037
94038
94039
94040
94041
94042
94043
94044
94060
94061
94062
94063
94064
94065
94066
94070
94074
94080
94083
94085
94086
94087
94088
94089
94102
94103
94104
94105
94107
94108
94109
94110
94111
94112
94114
94115
94116
94117
94118
94119
94120
94121
94122
94123
94124
94125
94126
94127
94128
94129
94130
94131
94132
94133
94134
94137
94139
94140
94141
94142
94143
94145
94146
94147
94158
94159
94160
94161
94163
94164
94188
94207
94209
94234
94250
94273
94274
94288
94295
94301
94302
94303
94304
94305
94306
94309
94401
94402
94403
94404
94501
94502
94503
94505
94506
94507
94508
94509
94510
94511
94512
94513
94514
94515
94516
94517
94518
94519
94520
94521
94522
94523
94524
94525
94526
94527
94528
94530
94531
94533
94534
94535
94536
94537
94538
94539
94540
94541
94542
94543
94544
94545
94546
94547
94548
94549
94550
94551
94552
94553
94555
94556
94557
94558
94559
94560
94561
94562
94563
94564
94565
94566
94567
94568
94569
94570
94571
94572
94573
94574
94575
94576
94577
94578
94579
94580
94581
94582
94583
94585
94586
94587
94588
94589
94590
94591
94592
94595
94596
94597
94598
94599
94601
94602
94603
94604
94605
94606
94607
94608
94609
94610
94611
94612
94613
94614
94615
94618
94619
94621
94623
94624
94649
94661
94662
94701
94702
94703
94704
94705
94706
94707
94708
94709
94710
94712
94720
94801
94802
94803
94804
94805
94806
94807
94808
94820
94901
94903
94904
94912
94913
94914
94915
94920
94922
94923
94924
94925
94931
94933
94937
94938
94939
94940
94941
94942
94945
94946
94947
94948
94949
94950
94951
94952
94953
94954
94955
94956
94957
94960
94963
94964
94965
94966
94970
94971
94972
94973
94974
94975
94976
94977
94978
94979
94998
94999
95002
95008
95009
95011
95013
95014
95015
95026
95030
95031
95032
95033
95035
95036
95042
95044
95050
95051
95052
95055
95056
95070
95071
95101
95103
95106
95108
95109
95110
95111
95112
95113
95115
95116
95117
95118
95119
95120
95121
95122
95123
95124
95125
95126
95127
95128
95129
95130
95131
95132
95133
95134
95135
95136
95138
95139
95141
95148
95150
95151
95152
95153
95154
95155
95156
95157
95158
95159
95160
95161
95164
95170
95172
95173
95192
95201
95202
95203
95204
95205
95206
95207
95208
95209
95210
95211
95212
95213
95215
95219
95220
95221
95222
95223
95224
95225
95226
95227
95228
95229
95230
95231
95232
95233
95234
95236
95237
95240
95241
95242
95245
95246
95247
95248
95249
95250
95251
95252
95253
95254
95255
95257
95258
95267
95269
95301
95303
95304
95305
95306
95307
95309
95310
95311
95312
95313
95315
95316
95317
95318
95319
95320
95321
95322
95323
95324
95325
95326
95327
95328
95329
95330
95333
95334
95335
95336
95337
95340
95341
95344
95346
95347
95348
95350
95351
95352
95353
95354
95355
95356
95357
95358
95360
95361
95363
95364
95365
95366
95367
95368
95369
95370
95372
95373
95374
95375
95376
95377
95378
95379
95380
95381
95382
95383
95385
95386
95387
95388
95391
95401
95402
95403
95404
95405
95406
95407
95409
95416
95419
95422
95423
95424
95426
95430
95431
95433
95435
95436
95439
95441
95442
95443
95444
95446
95448
95450
95451
95452
95453
95457
95458
95461
95462
95464
95465
95467
95471
95472
95473
95476
95485
95486
95487
95492
95493
95601
95602
95603
95604
95605
95606
95607
95608
95609
95610
95611
95612
95613
95614
95615
95616
95617
95618
95619
95620
95621
95623
95624
95625
95626
95627
95628
95629
95630
95631
95632
95633
95634
95635
95636
95637
95638
95639
95640
95641
95642
95645
95648
95650
95651
95652
95653
95654
95655
95656
95658
95659
95660
95661
95662
95663
95664
95665
95666
95667
95668
95669
95670
95671
95672
95673
95674
95675
95676
95677
95678
95679
95680
95681
95682
95683
95684
95685
95686
95687
95688
95689
95690
95691
95692
95693
95694
95695
95696
95697
95698
95699
95701
95703
95709
95712
95713
95714
95715
95717
95720
95722
95724
95726
95728
95735
95736
95741
95742
95746
95747
95757
95758
95759
95762
95763
95765
95776
95798
95799
95811
95812
95813
95814
95815
95816
95817
95818
95819
95820
95821
95822
95823
95824
95825
95826
95827
95828
95829
95830
95831
95832
95833
95834
95835
95836
95837
95838
95841
95842
95843
95851
95852
95853
95860
95864
95865
95866
95901
95903
95910
95912
95913
95914
95915
95916
95917
95918
95919
95920
95922
95923
95924
95925
95926
95927
95928
95929
95930
95932
95934
95935
95936
95937
95938
95939
95940
95941
95942
95943
95944
95945
95946
95948
95949
95950
95951
95953
95954
95955
95956
95957
95958
95959
95960
95961
95962
95963
95965
95966
95967
95968
95969
95970
95971
95972
95973
95974
95975
95976
95977
95978
95979
95980
95981
95982
95984
95986
95987
95988
95991
95992
95993
96021
96029
96035
96055
96074
96078
96090
96092
96103
96106
96111
96118
96120
96122
96124
96125
96126
96129
96133
96135
96140
96141
96142
96143
96145
96146
96148
96150
96151
96152
96154
96155
96156
96157
96158
96160
96161
96162
97001
97002
97004
97005
97006
97007
97008
97009
97010
97011
97013
97014
97015
97016
97017
97018
97019
97020
97021
97022
97023
97024
97026
97027
97028
97029
97030
97031
97032
97033
97034
97035
97036
97037
97038
97039
97040
97041
97042
97044
97045
97048
97049
97050
97051
97053
97054
97055
97056
97057
97058
97060
97062
97063
97064
97065
97067
97068
97070
97071
97075
97076
97077
97080
97086
97089
97101
97102
97103
97106
97107
97108
97109
97110
97111
97112
97113
97114
97115
97116
97117
97118
97119
97121
97122
97123
97124
97125
97127
97128
97130
97131
97132
97133
97134
97135
97136
97137
97138
97140
97141
97143
97144
97145
97146
97147
97148
97149
97201
97202
97203
97204
97205
97206
97207
97208
97209
97210
97211
97212
97213
97214
97215
97216
97217
97218
97219
97220
97221
97222
97223
97224
97225
97227
97228
97229
97230
97231
97232
97233
97236
97238
97239
97240
97242
97258
97266
97267
97268
97269
97280
97281
97282
97283
97286
97290
97291
97292
97293
97294
97296
97298
97301
97302
97303
97304
97305
97306
97307
97308
97309
97310
97314
97317
97321
97322
97324
97325
97326
97327
97329
97330
97331
97333
97335
97336
97338
97339
97341
97342
97343
97344
97345
97346
97347
97348
97350
97351
97352
97355
97357
97358
97360
97361
97362
97364
97365
97366
97367
97368
97369
97370
97371
97373
97374
97375
97376
97377
97378
97380
97381
97383
97384
97385
97386
97388
97389
97390
97391
97392
97394
97396
97401
97402
97403
97404
97405
97406
97407
97408
97409
97410
97411
97412
97413
97414
97415
97416
97417
97419
97420
97423
97424
97426
97429
97430
97431
97432
97434
97435
97436
97437
97438
97439
97440
97441
97442
97443
97444
97446
97447
97448
97449
97450
97451
97452
97453
97454
97455
97456
97457
97458
97459
97461
97462
97463
97464
97465
97466
97467
97469
97470
97471
97473
97476
97477
97478
97479
97480
97481
97482
97484
97486
97487
97488
97489
97490
97491
97492
97493
97494
97495
97496
97497
97498
97499
97501
97502
97503
97504
97520
97522
97523
97524
97525
97526
97527
97528
97530
97531
97532
97533
97534
97535
97536
97537
97538
97539
97540
97541
97543
97544
97801
97810
97812
97813
97814
97817
97818
97819
97820
97823
97824
97825
97826
97827
97828
97830
97833
97834
97835
97836
97837
97838
97839
97840
97841
97842
97843
97844
97845
97846
97848
97850
97856
97857
97859
97861
97862
97864
97865
97867
97868
97869
97870
97873
97874
97875
97876
97877
97880
97882
97883
97884
97885
97886
98220
98221
98222
98223
98225
98226
98227
98228
98229
98230
98231
98232
98233
98235
98237
98240
98241
98243
98244
98245
98247
98248
98250
98252
98255
98257
98261
98262
98263
98264
98266
98273
98274
98276
98277
98278
98279
98280
98282
98283
98284
98286
98288
98295
98297
98305
98320
98324
98331
98336
98343
98356
98361
98362
98363
98377
98397
98520
98522
98526
98527
98532
98533
98535
98536
98537
98538
98539
98541
98542
98547
98548
98550
98552
98554
98555
98559
98560
98561
98562
98564
98565
98566
98568
98569
98570
98571
98572
98575
98577
98581
98582
98583
98585
98586
98587
98590
98591
98592
98593
98595
98596
98604
98605
98606
98607
98610
98612
98613
98614
98617
98619
98620
98621
98624
98628
98629
98631
98632
98635
98637
98638
98639
98640
98641
98642
98643
98644
98645
98647
98648
98649
98650
98651
98660
98661
98662
98663
98664
98665
98666
98668
98670
98671
98672
98673
98674
98675
98682
98683
98684
98685
98686
98687
98811
98812
98815
98821
98826
98836
98847
98901
98902
98922
98925
98926
98934
98937
98940
98941
98942
98943
98946
98950
