85001
85002
85003
85004
85005
85006
85007
85008
85009
85010
85011
85012
85013
85014
85015
85016
85017
85018
85019
85020
85021
85022
85023
85024
85025
85026
85027
85028
85029
85030
85031
85032
85033
85034
85035
85036
85037
85038
85039
85040
85041
85042
85043
85044
85045
85046
85048
85050
85051
85053
85054
85060
85061
85062
85063
85064
85065
85066
85067
85068
85069
85070
85071
85072
85073
85074
85075
85076
85078
85079
85080
85082
85083
85085
85086
85087
85097
85098
85117
85118
85120
85121
85122
85127
85128
85130
85138
85139
85140
85142
85143
85147
85172
85178
85191
85194
85201
85202
85203
85204
85205
85206
85207
85208
85209
85210
85211
85212
85213
85214
85216
85224
85225
85226
85233
85234
85236
85244
85246
85248
85249
85250
85251
85252
85253
85254
85255
85256
85257
85258
85259
85260
85261
85262
85264
85266
85267
85268
85269
85271
85274
85275
85277
85280
85281
85282
85283
85284
85285
85286
85287
85295
85296
85297
85298
85299
85301
85302
85303
85304
85305
85306
85307
85308
85309
85310
85311
85312
85318
85323
85326
85327
85329
85331
85335
85338
85339
85340
85345
85351
85353
85355
85358
85361
85363
85372
85373
85374
85375
85376
85377
85378
85379
85380
85381
85382
85383
85385
85387
85388
85392
85395
85396
18901
18902
18912
18914
18925
18929
18934
18938
18940
18942
18944
18947
18951
18954
18960
18963
18966
18974
18976
18977
19001
19002
19006
19020
19021
19025
19031
19034
19038
19044
19047
19053
19090
19095
19401
19403
19406
19422
19444
19446
19454
19462
33503
33508
33509
33510
33511
33514
33524
33525
33526
33527
33530
33534
33539
33540
33541
33542
33543
33544
33545
33547
33548
33549
33550
33556
33558
33559
33563
33564
33565
33566
33567
33568
33569
33570
33571
33572
33573
33574
33575
33576
33578
33579
33583
33584
33586
33587
33592
33594
33595
33596
33598
33601
33602
33603
33604
33605
33606
33607
33608
33609
33610
33611
33612
33613
33614
33615
33616
33617
33618
33619
33620
33621
33622
33623
33624
33625
33626
33629
33630
33631
33633
33634
33635
33637
33646
33647
33650
33655
33660
33661
33662
33663
33664
33672
33673
33674
33675
33677
33679
33680
33681
33682
33684
33685
33686
33687
33688
33689
33694
33701
33702
33703
33704
33705
33706
33707
33708
33709
33710
33711
33712
33713
33714
33715
33716
33729
33730
33731
33732
33733
33734
33736
33737
33738
33740
33741
33742
33743
33744
33747
33755
33756
33757
33758
33759
33760
33761
33762
33763
33764
33765
33766
33767
33769
33770
33771
33772
33773
33774
33775
33776
33777
33778
33779
33780
33781
33782
33784
33785
33786
33810
33811
33836
33837
33848
33849
33858
33860
33863
33868
33896
33897
34201
34202
34203
34204
34205
34206
34207
34208
34209
34210
34211
34212
34215
34216
34217
34218
34219
34220
34221
34222
34228
34229
34230
34231
34232
34233
34234
34235
34236
34237
34238
34239
34240
34242
34243
34250
34260
34264
34270
34276
34277
34278
34280
34281
34282
34610
34637
34638
34639
34652
34653
34654
34655
34656
34660
34667
34668
34669
34673
34674
34677
34680
34681
34682
34683
34684
34685
34688
34689
34690
34691
34692
34695
34697
34698
94501
94502
94503
94505
94506
94507
94508
94509
94511
94513
94514
94515
94516
94517
94518
94519
94520
94521
94522
94523
94524
94525
94526
94527
94528
94529
94530
94531
94536
94537
94538
94539
94540
94541
94542
94543
94544
94545
94546
94547
94548
94549
94550
94551
94552
94553
94555
94556
94557
94558
94559
94560
94561
94562
94563
94564
94565
94566
94567
94568
94569
94570
94572
94573
94574
94575
94576
94577
94578
94579
94580
94581
94582
94583
94586
94587
94588
94595
94596
94597
94598
94599
94601
94602
94603
94604
94605
94606
94607
94608
94609
94610
94611
94612
94613
94614
94615
94617
94618
94619
94620
94621
94622
94623
94624
94649
94659
94660
94661
94662
94666
94701
94702
94703
94704
94705
94706
94707
94708
94709
94710
94712
94720
94801
94802
94803
94804
94805
94806
94807
94808
94820
94850
94901
94903
94904
94912
94913
94914
94915
94920
94922
94923
94924
94925
94926
94927
94928
94929
94930
94931
94933
94937
94938
94939
94940
94941
94942
94945
94946
94947
94948
94949
94950
94951
94952
94953
94954
94955
94956
94957
94960
94963
94964
94965
94966
94970
94971
94972
94973
94974
94975
94976
94977
94978
94979
94998
94999
95401
95402
95403
95404
95405
95406
95407
95409
95412
95416
95419
95421
95425
95430
95431
95433
95436
95439
95441
95442
95444
95446
95448
95450
95452
95462
95465
95471
95472
95473
95476
95480
95486
95487
95492
95497
07201
07202
07203
07204
07205
07207
07208
08502
08528
08530
08551
08553
08556
08558
08801
08805
08807
08809
08810
08812
08816
08817
08820
08821
08822
08823
08824
08826
08827
08828
08829
08831
08832
08833
08835
08836
08837
08840
08844
08846
08848
08850
08852
08853
08854
08855
08857
08858
08861
08862
08863
08867
08869
08870
08871
08872
08873
08875
08876
08879
08880
08882
08884
08885
08887
08888
08889
08890
08899
08902
08904
18039
18060
18077
18910
18911
18913
18916
18917
18920
18921
18922
18923
18927
18928
18930
18931
18932
18933
18935
18943
18946
18949
18950
18953
18955
18956
18962
18968
18970
18972
18980
18981
18991
19007
19012
19030
19048
19049
19054
19055
19056
19057
19058
19067
19111
19114
19115
19116
19118
19126
19127
19128
19135
19136
19144
19149
19152
19154
18926
19703
19707
19732
19802
19803
19807
19809
19810
18054
18073
18074
18076
18084
18915
18964
18969
19003
19004
19008
19010
19013
19014
19015
19018
19022
19023
19026
19027
19029
19032
19033
19035
19036
19040
19041
19043
19046
19050
19052
19060
19061
19063
19064
19065
19066
19070
19072
19073
19074
19075
19076
19078
19079
19080
19081
19082
19083
19085
19086
19087
19094
19096
19301
19311
19312
19317
19320
19330
19333
19335
19341
19342
19343
19344
19348
19350
19355
19365
19369
19372
19373
19376
19380
19382
19390
19421
19425
19426
19428
19438
19440
19457
19460
19464
19465
19468
19473
19474
19475
19490
19508
19518
19520
19525
19388
32159
32701
32702
32703
32704
32706
32707
32708
32709
32710
32712
32713
32714
32715
32716
32718
32719
32720
32721
32722
32723
32724
32725
32726
32727
32728
32730
32732
32733
32735
32736
32738
32739
32744
32745
32746
32747
32750
32751
32752
32753
32754
32756
32757
32762
32763
32764
32765
32766
32767
32768
32771
32772
32773
32774
32776
32777
32778
32779
32784
32789
32790
32791
32792
32793
32794
32795
32798
32799
32801
32802
32803
32804
32805
32806
32807
32808
32809
32810
32811
32812
32814
32816
32817
32818
32819
32820
32821
32822
32824
32825
32826
32827
32828
32829
32830
32831
32832
32833
32834
32835
32836
32837
32839
32853
32854
32855
32856
32857
32858
32859
32860
32861
32862
32867
32868
32869
32872
32877
32878
32885
32886
32887
32891
32897
34705
34711
34712
34713
34714
34715
34729
34731
34734
34736
34737
34740
34741
34742
34743
34744
34745
34746
34747
34748
34749
34753
34755
34756
34758
34759
34760
34761
34762
34769
34770
34771
34772
34777
34778
34786
34787
34788
34789
34797
94625
07041
07042
07043
07044
07045
07046
07052
07054
07058
07059
07064
07065
07066
07067
07068
07069
07076
07077
07078
07079
07080
07081
07082
07083
07090
07091
07092
07095
07109
07110
07405
07801
07802
07803
07828
07830
07834
07836
07842
07845
07847
07850
07852
07853
07856
07857
07866
07869
07876
07878
07885
07901
07902
07920
07921
07922
07924
07926
07927
07928
07930
07931
07932
07933
07934
07935
07936
07938
07939
07940
07945
07946
07950
07960
07961
07962
07963
07970
07974
07976
07977
07978
07979
07980
07981
07999
19117
35004
35005
35006
35007
35013
35014
35015
35020
35021
35022
35023
35032
35033
35034
35035
35036
35038
35040
35042
35043
35044
35045
35046
35048
35049
35051
35052
35053
35054
35057
35060
35061
35062
35063
35064
35068
35070
35071
35073
35074
35077
35078
35079
35080
35082
35085
35091
35094
35097
35111
35112
35114
35115
35116
35117
35118
35119
35120
35121
35123
35124
35125
35126
35127
35128
35130
35131
35133
35135
35137
35139
35142
35143
35144
35146
35147
35148
35149
35150
35151
35161
35171
35172
35173
35176
35178
35180
35181
35182
35183
35184
35185
35186
35187
35188
35201
35202
35203
35204
35205
35206
35207
35208
35209
35210
35211
35212
35213
35214
35215
35216
35217
35218
35219
35220
35221
35222
35223
35224
35226
35228
35229
35231
35232
35233
35234
35235
35236
35237
35238
35242
35243
35244
35246
35249
35253
35254
35255
35259
35260
35261
35266
35282
35283
35285
35287
35288
35290
35291
35292
35293
35294
35295
35296
35297
35298
35401
35402
35403
35404
35405
35406
35407
35440
35441
35444
35446
35448
35449
35452
35453
35456
35457
35458
35462
35463
35466
35468
35469
35473
35474
35475
35476
35478
35480
35481
35482
35485
35486
35487
35490
35501
35502
35503
35504
35541
35542
35546
35549
35550
35560
35573
35579
35580
35584
35587
36750
36790
36792
36793
90001
90002
90003
90004
90005
90006
90007
90008
90009
90010
90011
90012
90013
90014
90015
90016
90017
90018
90019
90020
90021
90022
90023
90024
90025
90026
90027
90028
90029
90030
90031
90032
90033
90034
90035
90036
90037
90038
90039
90040
90041
90042
90043
90044
90045
90046
90047
90048
90049
90050
90051
90052
90053
90054
90055
90056
90057
90058
90059
90060
90061
90062
90063
90064
90066
90067
90068
90069
90070
90071
90072
90073
90074
90075
90076
90077
90078
90079
90080
90081
90082
90083
90084
90086
90087
90088
90089
90090
90091
90093
90094
90095
90096
90099
90189
90209
90210
90211
90212
90213
90230
90231
90232
90233
90245
90247
90248
90249
90250
90251
90254
90255
90260
90261
90262
90263
90264
90265
90266
90267
90270
90272
90274
90275
90277
90278
90280
90290
90291
90292
90293
90294
90295
90296
90301
90302
90303
90304
90305
90306
90307
90308
90309
90310
90311
90312
90401
90402
90403
90404
90405
90406
90407
90408
90409
90410
90411
90501
90502
90503
90504
90505
90506
90507
90508
90509
90510
90620
90621
90622
90623
90624
90630
90631
90632
90633
90680
90710
90717
90720
90721
90731
90732
90733
90734
90740
90742
90743
90744
90745
90746
90748
91011
91012
91020
91021
91030
91031
91040
91041
91042
91043
91046
91101
91102
91103
91104
91105
91106
91107
91108
91109
91110
91114
91115
91116
91117
91118
91121
91123
91124
91125
91126
91129
91182
91184
91185
91188
91189
91199
91201
91202
91203
91204
91205
91206
91207
91208
91209
91210
91214
91221
91222
91224
91225
91226
91301
91302
91303
91304
91305
91306
91307
91308
91309
91311
91313
91316
91319
91320
91321
91322
91324
91325
91326
91327
91328
91329
91330
91331
91333
91334
91335
91337
91340
91341
91342
91343
91344
91345
91346
91351
91352
91353
91354
91355
91356
91357
91358
91359
91360
91361
91362
91364
91365
91367
91371
91372
91376
91377
91380
91381
91385
91386
91387
91392
91393
91394
91395
91396
91401
91402
91403
91404
91405
91406
91407
91408
91409
91410
91411
91412
91413
91416
91423
91426
91436
91470
91482
91495
91496
91499
91501
91502
91503
91504
91505
91506
91507
91508
91510
91521
91522
91523
91526
91601
91602
91603
91604
91605
91606
91607
91608
91609
91610
91611
91612
91614
91615
91616
91617
91618
91770
91771
91772
91775
91776
91778
92602
92603
92604
92605
92606
92607
92609
92610
92612
92614
92615
92616
92617
92618
92619
92620
92623
92624
92625
92626
92627
92628
92629
92630
92637
92646
92647
92648
92649
92650
92653
92654
92655
92656
92657
92658
92659
92660
92661
92662
92663
92672
92673
92674
92675
92676
92677
92678
92679
92683
92684
92685
92688
92690
92691
92692
92693
92694
92697
92698
92701
92702
92703
92704
92705
92706
92707
92708
92711
92712
92728
92735
92780
92781
92782
92799
92801
92802
92803
92804
92805
92806
92807
92808
92809
92811
92812
92814
92815
92816
92817
92821
92822
92823
92825
92831
92832
92833
92834
92835
92836
92837
92838
92840
92841
92842
92843
92844
92845
92846
92850
92856
92857
92859
92861
92862
92863
92864
92865
92866
92867
92868
92869
92870
92871
92885
92886
92887
92899
93062
93063
93094
93099
20001
20002
20003
20004
20005
20006
20007
20008
20009
20010
20011
20012
20013
20015
20016
20017
20018
20019
20020
20022
20024
20026
20027
20029
20030
20032
20033
20035
20036
20037
20038
20039
20040
20041
20042
20043
20044
20045
20047
20049
20050
20052
20053
20055
20056
20057
20058
20059
20060
20061
20062
20063
20064
20065
20066
20067
20068
20069
20070
20071
20073
20074
20075
20076
20077
20078
20080
20081
20082
20090
20091
20201
20202
20203
20204
20206
20207
20208
20210
20211
20212
20213
20214
20215
20216
20217
20218
20219
20220
20221
20222
20223
20224
20226
20227
20228
20229
20230
20232
20233
20235
20237
20238
20239
20240
20241
20242
20244
20245
20250
20251
20254
20260
20261
20262
20265
20266
20268
20270
20277
20289
20299
20301
20303
20306
20310
20314
20317
20318
20319
20330
20340
20350
20355
20370
20372
20373
20374
20375
20376
20380
20388
20389
20390
20391
20392
20393
20394
20395
20398
20401
20402
20403
20404
20405
20406
20407
20408
20409
20410
20411
20412
20413
20414
20415
20416
20417
20418
20419
20420
20421
20422
20423
20424
20425
20426
20427
20428
20429
20431
20433
20434
20435
20436
20437
20439
20440
20441
20442
20444
20447
20451
20453
20456
20460
20463
20468
20469
20470
20472
20500
20501
20502
20503
20504
20505
20506
20507
20508
20509
20510
20511
20515
20520
20521
20522
20523
20524
20525
20526
20527
20528
20529
20530
20531
20532
20533
20534
20535
20536
20537
20538
20539
20540
20541
20542
20543
20544
20546
20547
20548
20549
20551
20552
20553
20554
20555
20557
20559
20560
20565
20566
20570
20571
20572
20573
20575
20576
20577
20578
20579
20580
20581
20585
20586
20590
20591
20593
20594
20597
20599
50003
50007
50009
50011
50013
50021
50023
50032
50033
50035
50037
50038
50039
50046
50047
50061
50063
50066
50069
50072
50073
50109
50111
50124
50125
50131
50134
50146
50152
50156
50160
50161
50167
50169
50211
50218
50220
50226
50229
50233
50237
50243
50244
50261
50263
50265
50266
50276
50301
50302
50303
50304
50305
50306
50307
50308
50309
50310
50311
50312
50313
50314
50315
50316
50317
50318
50319
50320
50321
50322
50323
50324
50325
50327
50328
50329
50330
50331
50332
50333
50334
50335
50336
50339
50340
50359
50360
50361
50362
50363
50364
50367
50368
50369
50380
50381
50391
50392
50393
50394
50395
50396
50398
50936
50940
50947
50950
50980
50981
46001
46011
46012
46013
46014
46015
46016
46017
46018
46030
46032
46033
46034
46036
46037
46038
46040
46044
46048
46051
46052
46055
46056
46060
46061
46062
46063
46064
46069
46070
46074
46075
46077
46082
46103
46106
46107
46110
46112
46113
46117
46118
46121
46122
46123
46124
46126
46130
46131
46140
46142
46143
46147
46148
46149
46151
46154
46157
46158
46160
46161
46162
46163
46164
46165
46166
46167
46168
46176
46180
46181
46182
46184
46186
46201
46202
46203
46204
46205
46206
46207
46208
46209
46211
46214
46216
46217
46218
46219
46220
46221
46222
46224
46225
46226
46227
46228
46229
46230
46231
46234
46235
46236
46237
46239
46240
46241
46242
46244
46247
46249
46250
46251
46253
46254
46255
46256
46259
46260
46266
46268
46274
46275
46277
46278
46280
46283
46285
46290
46291
46295
46298
47102
47104
47106
47107
47108
47110
47111
47112
47114
47115
47117
47118
47119
47120
47122
47123
47124
47125
47126
47129
47130
47131
47132
47133
47134
47135
47136
47137
47138
47140
47141
47142
47143
47144
47145
47146
47147
47150
47151
47160
47161
47162
47163
47164
47165
47166
47167
47170
47172
47174
47175
47177
47190
47199
47201
47202
47203
47220
47223
47225
47226
47227
47228
47229
47230
47232
47234
47235
47236
47240
47243
47244
47246
47247
47249
47260
47261
47263
47264
47265
47270
47273
47274
47280
47281
47282
47283
47302
47303
47304
47305
47306
47307
47308
47320
47334
47337
47338
47340
47342
47344
47351
47352
47354
47355
47356
47358
47360
47361
47362
47366
47367
47368
47380
47382
47383
47384
47385
47386
47387
47388
47390
47394
47396
47435
47448
47454
47551
40003
40004
40006
40007
40008
40010
40011
40012
40013
40014
40018
40019
40020
40022
40023
40025
40026
40027
40031
40032
40041
40045
40046
40047
40048
40050
40051
40055
40056
40057
40058
40059
40065
40066
40067
40068
40070
40071
40075
40076
40077
40078
40104
40107
40108
40109
40110
40117
40118
40121
40122
40129
40142
40146
40150
40155
40157
40159
40160
40161
40162
40165
40171
40175
40176
40177
40201
40202
40203
40204
40205
40206
40207
40208
40209
40210
40211
40212
40213
40214
40215
40216
40217
40218
40219
40220
40221
40222
40223
40224
40225
40228
40229
40231
40232
40233
40241
40242
40243
40245
40250
40251
40252
40253
40255
40256
40257
40258
40259
40261
40266
40268
40269
40270
40272
40280
40281
40282
40283
40285
40287
40289
40290
40291
40292
40293
40294
40295
40296
40297
40298
40299
41008
42701
42702
42724
48007
48009
48012
48017
48025
48033
48034
48037
48067
48068
48069
48070
48071
48072
48073
48075
48076
48083
48084
48085
48086
48098
48099
48120
48121
48123
48124
48125
48126
48127
48128
48135
48136
48150
48151
48152
48153
48154
48165
48167
48168
48170
48178
48187
48188
48220
48239
48240
48301
48302
48303
48304
48307
48308
48309
48320
48321
48322
48323
48324
48325
48326
48327
48328
48329
48331
48332
48333
48334
48335
48336
48347
48374
48375
48376
48377
48380
48381
48382
48383
48386
48387
48390
48391
48393
55001
55002
55003
55005
55006
55008
55010
55011
55012
55013
55014
55016
55017
55020
55024
55025
55029
55031
55032
55033
55038
55040
55042
55043
55044
55045
55046
55047
55054
55055
55056
55057
55065
55068
55069
55070
55071
55073
55074
55075
55076
55077
55078
55079
55080
55082
55083
55084
55085
55088
55090
55092
55101
55102
55103
55104
55105
55106
55107
55108
55109
55110
55111
55112
55113
55114
55115
55116
55117
55118
55119
55120
55121
55122
55123
55124
55125
55126
55127
55128
55129
55130
55133
55144
55145
55146
55150
55155
55164
55165
55166
55168
55170
55171
55172
55175
55187
55188
55301
55302
55303
55304
55305
55306
55307
55308
55309
55311
55313
55315
55316
55317
55318
55319
55320
55321
55322
55323
55324
55325
55327
55328
55330
55331
55336
55337
55338
55339
55340
55341
55343
55344
55345
55346
55347
55348
55349
55352
55353
55354
55356
55357
55358
55359
55360
55361
55362
55363
55364
55365
55366
55367
55368
55369
55370
55371
55372
55373
55374
55375
55376
55377
55378
55379
55380
55381
55382
55383
55384
55386
55387
55388
55389
55390
55391
55392
55393
55394
55395
55397
55398
55399
55401
55402
55403
55404
55405
55406
55407
55408
55409
55410
55411
55412
55413
55414
55415
55416
55417
55418
55419
55420
55421
55422
55423
55424
55425
55426
55427
55428
55429
55430
55431
55432
55433
55434
55435
55436
55437
55438
55439
55440
55441
55442
55443
55444
55445
55446
55447
55448
55449
55450
55454
55455
55458
55459
55460
55467
55470
55472
55473
55474
55478
55479
55480
55483
55484
55485
55486
55487
55488
55550
55551
55552
55553
55554
55556
55557
55558
55559
55560
55562
55564
55565
55566
55567
55568
55569
55570
55571
55572
55573
55574
55575
55576
55577
55578
55579
55580
55581
55582
55583
55584
55585
55586
55587
55588
55589
55590
55591
55592
55593
55594
55595
55596
55597
55598
55599
56011
56044
56069
56071
56301
56302
56303
56304
56313
56329
56330
56333
56353
56357
56358
56363
56369
56372
56379
56387
56388
56393
56395
56396
56397
56398
56399
28301
28303
28304
28305
28306
28307
28311
28312
28314
28348
28356
28374
28376
28390
28391
28394
28395
28401
28710
28724
28726
28727
28729
28731
28732
28735
28739
28742
28758
28759
28760
28784
28790
28791
28792
28793
08002
08003
08004
08007
08009
08012
08014
08018
08020
08021
08025
08026
08027
08028
08029
08030
08031
08032
08033
08034
08035
08039
08043
08045
08049
08051
08053
08054
08055
08056
08057
08059
08061
08062
08063
08066
08071
08074
08077
08078
08080
08081
08083
08084
08085
08086
08089
08090
08091
08093
08094
08095
08096
08097
08099
08101
08102
08103
08104
08105
08106
08107
08108
08109
08110
08312
08322
08328
08344
10910
10912
10914
10915
10916
10917
10918
10919
10921
10922
10924
10925
10926
10928
10930
10932
10933
10940
10941
10949
10950
10953
10958
10959
10963
10969
10973
10975
10979
10981
10985
10987
10988
10990
10992
10996
10997
10998
11001
11003
11010
11040
11096
11501
11507
11509
11510
11514
11516
11518
11520
11530
11550
11552
11553
11554
11557
11558
11559
11561
11563
11565
11566
11569
11570
11572
11575
11577
11580
11581
11590
11596
11598
11701
11702
11703
11704
11706
11710
11714
11718
11726
11729
11732
11735
11746
11747
11753
11756
11757
11758
11762
11783
11791
11793
11795
11797
11801
11803
11804
44056
44067
44087
44201
44202
44203
44210
44211
44216
44221
44222
44223
44224
44231
44232
44234
44236
44237
44240
44241
44242
44243
44250
44255
44260
44262
44264
44265
44266
44272
44278
44285
44286
44288
44301
44302
44303
44304
44305
44306
44307
44308
44309
44310
44311
44312
44313
44314
44315
44316
44317
44319
44320
44321
44325
44326
44328
44333
44334
44372
44396
44398
44411
44412
44449
19028
19088
19089
19091
19366
19375
19381
19383
19395
19404
19481
19482
19484
19493
19494
19495
19496
29301
29302
29303
29304
29305
29306
29307
29316
29319
29320
29322
29323
29324
29329
29330
29331
29333
29334
29335
29336
29338
29346
29348
29349
29356
29365
29368
29369
29372
29373
29374
29375
29376
29377
29378
29385
29386
29388
29601
29602
29603
29604
29605
29606
29607
29608
29609
29610
29611
29612
29613
29614
29615
29616
29617
29635
29636
29644
29650
29651
29652
29661
29662
29669
29673
29680
29681
29683
29687
29688
29690
37701
37716
37717
37737
37771
37772
37777
37830
37831
37840
37849
37909
37912
37916
37919
37921
37922
37923
37931
37932
37934
75001
75002
75006
75007
75009
75010
75011
75013
75014
75015
75016
75017
75019
75022
75023
75024
75025
75026
75027
75028
75029
75030
75033
75034
75035
75038
75039
75040
75041
75042
75043
75044
75045
75046
75047
75048
75049
75050
75051
75052
75053
75054
75056
75057
75060
75061
75062
75063
75065
75067
75068
75069
75070
75071
75074
75075
75077
75078
75080
75081
75082
75083
75085
75086
75088
75089
75093
75094
75097
75098
75099
75104
75106
75115
75116
75123
75134
75137
75138
75141
75146
75149
75150
75154
75172
75180
75181
75182
75185
75187
75201
75202
75203
75204
75205
75206
75207
75208
75209
75210
75211
75212
75214
75215
75216
75217
75218
75219
75220
75221
75222
75223
75224
75225
75226
75227
75228
75229
75230
75231
75232
75233
75234
75235
75236
75237
75238
75240
75241
75242
75243
75244
75246
75247
75248
75249
75250
75251
75252
75253
75254
75260
75261
75262
75263
75264
75265
75266
75267
75270
75275
75277
75283
75284
75285
75287
75301
75303
75312
75313
75315
75320
75326
75336
75339
75342
75354
75355
75356
75357
75358
75359
75360
75367
75368
75370
75371
75372
75373
75374
75376
75378
75379
75380
75381
75382
75389
75390
75391
75392
75393
75394
75395
75397
75398
76001
76002
76003
76004
76005
76006
76007
76008
76009
76010
76011
76012
76013
76014
76015
76016
76017
76018
76019
76020
76021
76022
76023
76028
76034
76035
76036
76039
76040
76051
76052
76053
76054
76058
76060
76061
76063
76065
76071
76073
76078
76082
76084
76085
76086
76092
76094
76095
76096
76097
76098
76099
76101
76102
76103
76104
76105
76106
76107
76108
76109
76110
76111
76112
76113
76114
76115
76116
76117
76118
76119
76120
76121
76122
76123
76124
76126
76127
76129
76130
76131
76132
76133
76134
76135
76136
76137
76140
76147
76148
76150
76155
76161
76162
76163
76164
76166
76177
76179
76180
76181
76182
76185
76191
76192
76193
76195
76196
76197
76198
76199
76201
76202
76203
76204
76205
76206
76207
76208
76209
76210
76226
76227
76234
76238
76244
76246
76247
76248
76249
76258
76259
76262
76266
76267
76271
76272
77001
77002
77003
77004
77005
77006
77007
77008
77009
77010
77011
77012
77013
77014
77015
77016
77017
77018
77019
77020
77021
77022
77023
77024
77025
77026
77027
77028
77029
77030
77031
77032
77033
77034
77035
77036
77037
77038
77039
77040
77041
77042
77043
77044
77045
77046
77047
77048
77049
77050
77051
77053
77054
77055
77056
77057
77058
77059
77060
77061
77062
77063
77064
77065
77066
77067
77068
77069
77070
77071
77072
77073
77074
77075
77076
77077
77078
77079
77080
77081
77082
77083
77084
77085
77086
77087
77088
77089
77090
77091
77092
77093
77094
77095
77096
77098
77099
77201
77202
77203
77204
77205
77206
77207
77208
77209
77210
77212
77213
77215
77217
77218
77219
77220
77222
77223
77224
77225
77226
77227
77228
77229
77230
77231
77233
77234
77235
77236
77237
77238
77240
77241
77242
77243
77244
77245
77248
77249
77251
77252
77253
77254
77255
77256
77257
77258
77259
77261
77262
77263
77265
77266
77267
77268
77269
77270
77271
77272
77273
77274
77275
77277
77279
77280
77282
77284
77287
77288
77289
77290
77291
77292
77293
77297
77299
77301
77302
77303
77304
77305
77306
77315
77316
77318
77325
77336
77338
77339
77345
77346
77347
77354
77355
77356
77357
77362
77365
77373
77375
77377
77378
77379
77380
77381
77382
77383
77384
77385
77386
77387
77388
77389
77391
77393
77396
77401
77402
77410
77411
77413
77423
77429
77433
77441
77445
77447
77449
77450
77459
77461
77469
77471
77474
77477
77478
77479
77481
77484
77487
77489
77491
77492
77493
77494
77496
77497
77501
77502
77503
77504
77505
77506
77507
77508
77510
77511
77512
77517
77518
77520
77521
77522
77530
77532
77535
77536
77539
77545
77546
77547
77549
77550
77551
77552
77553
77554
77555
77562
77563
77565
77568
77571
77572
77573
77574
77578
77580
77581
77583
77584
77586
77587
77588
77590
77591
77592
77598
84003
84004
84005
84006
84010
84011
84013
84014
84015
84016
84017
84020
84024
84025
84032
84033
84036
84037
84040
84041
84042
84043
84044
84045
84047
84049
84054
84055
84056
84057
84058
84059
84060
84061
84062
84065
84068
84070
84075
84081
84082
84084
84087
84088
84089
84090
84091
84092
84093
84094
84095
84096
84097
84098
84101
84102
84103
84104
84105
84106
84107
84108
84109
84110
84111
84112
84113
84114
84115
84116
84117
84118
84119
84120
84121
84122
84123
84124
84125
84126
84127
84128
84129
84130
84131
84132
84133
84134
84136
84138
84139
84141
84143
84145
84147
84148
84150
84151
84152
84157
84158
84165
84170
84171
84180
84184
84189
84190
84199
84601
84602
84603
84604
84605
84606
84626
84633
84651
84653
84655
84660
84663
84664
19485
20023
20088
20097
20098
20558
29318
46223
80513
80521
80524
80525
80526
80528
80535
80537
80538
80549
80550
80631
80634
80547
80512
80534
80543
80546
80620
80650
80615
80610
60002
60004
60005
60007
60008
60009
60010
60012
60013
60014
60015
60016
60017
60018
60019
60020
60021
60022
60025
60026
60029
60030
60031
60033
60034
60035
60037
60040
60041
60042
60043
60044
60045
60046
60047
60048
60050
60051
60053
60056
60060
60061
60062
60064
60065
60067
60068
60069
60070
60071
60072
60073
60074
60076
60077
60078
60079
60081
60082
60083
60084
60085
60087
60088
60089
60090
60091
60093
60095
60096
60097
60098
60099
60100
60101
60102
60103
60104
60105
60106
60107
60108
60110
60118
60119
60120
60123
60124
60125
60126
60130
60131
60133
60134
60136
60137
60139
60140
60142
60143
60148
60152
60153
60154
60155
60156
60157
60160
60162
60163
60164
60165
60169
60170
60171
60172
60173
60174
60175
60176
60177
60180
60181
60183
60184
60185
60187
60188
60189
60190
60191
60192
60193
60194
60195
60197
60201
60202
60203
60301
60302
60304
60305
60402
60412
60439
60440
60441
60446
60480
60490
60502
60503
60504
60505
60506
60510
60513
60514
60515
60516
60517
60519
60521
60523
60525
60526
60527
60532
60534
60538
60539
60540
60542
60543
60544
60546
60554
60555
60558
60559
60560
60561
60563
60564
60565
60567
60585
60601
60602
60603
60605
60606
60607
60610
60611
60612
60613
60614
60616
60618
60622
60625
60626
60630
60631
60634
60639
60640
60641
60642
60644
60645
60646
60647
60651
60654
60656
60657
60659
60660
60661
60664
60689
60691
60706
60707
60712
60714
60804
12518
12520
12543
12549
12550
12551
12552
12553
12555
12566
12575
12577
12584
12586
12729
12746
12771
12780
80010
80011
80012
80013
80014
80015
80016
80017
80018
80019
80040
80041
80042
80043
80044
80045
80046
80047
80020
80030
80031
80001
80002
80003
80004
80005
80006
80007
80021
80403
80601
80602
80603
80102
80103
80123
80038
80234
80111
80112
80121
80122
80110
80104
80108
80109
80022
80037
80266
80033
80127
80201
80202
80203
80204
80205
80206
80207
80209
80210
80211
80212
80213
80214
80215
80216
80217
80218
80219
80220
80221
80222
80223
80224
80225
80226
80027
80028
80029
80230
80231
80232
80233
80235
80236
80237
80238
80239
80241
80243
80244
80246
80247
80249
80250
80251
80252
80255
80256
80257
80259
80260
80261
80262
80263
80264
80265
80270
80271
80273
80274
80275
80279
80280
80281
80285
80290
80291
80292
80293
80294
80295
80299
80024
80514
80113
80150
80154
80155
80437
80439
80107
80116
80401
80402
80026
80228
80118
80124
80125
80126
80128
80129
80130
80160
80161
80162
80163
80165
80166
80131
80134
80438
80229
80135
80035
80036
80034
80208
80227
80248
80640
80151
80101
80419
80120
80240
80465
28313
01720
01913
03031
01810
03811
03032
03218
03825
01730
03110
01821
03304
01921
03033
01803
03034
03224
01741
03225
01824
03036
03258
01742
03301
03302
03303
03305
03229
01923
03819
03037
03038
03820
03821
03822
01826
03046
01827
03824
03826
03827
03042
03234
03833
03044
01833
03045
03840
01450
01834
03841
03842
03843
03844
01830
03242
03049
03106
03051
03848
02420
01773
03052
01460
03053
03307
01850
01940
03823
03101
03102
03103
03104
03105
03107
03108
03109
03111
02153
02176
01860
03054
01949
03055
03057
03060
03061
03062
03063
03064
03070
03854
01950
03856
03805
03857
03858
01845
01864
03261
03290
01960
03076
01463
03263
03865
03801
03802
03803
03804
03077
01867
03839
03866
03867
03868
03869
03870
03079
01952
03873
03874
03878
02180
03884
03885
03275
01876
01983
01879
01880
02451
03281
01886
01887
03086
01890
03087
01801
01851
01853
02454
01470
01471
01805
01812
01813
01815
01822
01831
01832
01835
01852
01854
01888
01889
01899
01961
02155
02421
02452
02453
05501
05544
40166
56901
56902
56904
56915
56920
56933
56944
56945
56972
92651
92652
29698
29390
29391
89199
89193
89191
89185
89183
89180
89179
89178
89177
89173
89170
89169
89166
89165
89164
89163
89162
89161
89160
89159
89157
89156
89155
89154
89153
89152
89151
89150
89149
89148
89147
89146
89145
89144
89143
89142
89141
89140
89139
89138
89137
89136
89135
89134
89133
89132
89131
89130
89129
89128
89127
89126
89125
89123
89122
89121
89120
89119
89118
89117
89116
89115
89114
89113
89112
89111
89110
89109
89108
89107
89106
89105
89104
89103
89102
89101
89087
89086
89085
89084
89081
89077
89074
89052
89044
89036
89033
89032
89031
89030
89016
89015
89014
89012
89011
89009
89002
88905
88901
77298
33499
33496
33487
33486
33484
33483
33482
33481
33474
33473
33472
33467
33466
33465
33464
33463
33462
33461
33460
33454
33449
33448
33447
33446
33445
33444
33437
33436
33435
33434
33432
33431
33429
33427
33426
33425
33424
33498
33497
33488
33443
33442
33441
33433
33428
33394
33388
33359
33355
33351
33349
33348
33346
33340
33339
33338
33337
33336
33335
33334
33332
33331
33330
33329
33328
33327
33326
33325
33324
33323
33322
33321
33320
33319
33318
33317
33316
33315
33314
33313
33312
33311
33310
33309
33308
33307
33306
33305
33304
33303
33302
33301
33097
33093
33084
33081
33077
33076
33075
33074
33073
33072
33071
33069
33068
33067
33066
33065
33064
33063
33062
33061
33060
33028
33026
33024
33022
33021
33020
33019
33004