75216
75019
75063
75038
75062
75006
75234
75220
75209
75205
75225
75230
75240
75254
75081
75080
75248
75254
75001
76063
76051
76092
76248
76177
76052
76179
76117
76137
76144
76180
76054
76053
76022
76034
76248
76262
75022
75028
75077
75067
75007
75287
75056
75034
75068
75252
75209
75024
75075
75074
75082
75023
75094
75098
75002
75069
75071
75078
66749
66021
66025
66031
66030
66160
66203
66202
66205
66204
66044
66207
66206
66209
66208
66048
66211
66210
66213
66212
66215
66051
66214
66217
66053
66216
66219
66218
66061
66221
66220
66223
66062
66224
66070
66227
66067
66226
66071
66524
66083
66085
66006
66012
66013
67601
66018
66103
66105
64131
66104
66109
66106
66111
66113
66112
66118
66160
66007
66012
66217
66101
66216
64130
66103
66102
66021
66064
66026
66072
66030
66071
66036
66040
66079
66042
66083
66080
66092
66013
66053
66021
66066
66025
66524
66044
66006
66046
66045
66409
66047
66050
66049
66092
66020
66109
66024
66041
66044
66086
66043
66002
66048
66007
66012
66052
66054
66097
66064
66067
66071
66524
66033
66528
28743
66076
66079
66078
66042
66080
66006
66092
66095
64001
64179
64011
64014
64180
64016
64015
64020
39365
64024
64030
64029
64673
64034
64040
64051
64050
64053
64052
63101
64055
63755
64054
64057
64056
64058
64061
64734
64064
64063
65079
64066
64065
64068
64070
64071
64743
64074
64075
64080
64082
64081
64083
64086
64088
66104
66109
64101
64105
64102
64108
64106
64110
64109
66160
64112
64111
64114
64113
64117
64116
64119
64118
64120
64124
64123
64126
64125
64128
64127
64130
64129
64132
64131
64134
64133
64137
64136
64139
64138
64145
64144
64147
64146
64149
64151
64150
64153
64152
64999
64155
64154
64157
64156
64158
64164
65337
65336
64093
64011
65233
65351
63379
64020
64019
65360
64037
64040
64726
64061
64733
64739
64070
64743
64071
65305
64076
64747
64080
64761
64086
65332
64090
64725
66062
64730
64012
64061
64734
64739
64070
64742
64743
64746
64747
64078
64034
64080
64082
64040
64081
64083
64701
64720
64089
64012
65583
64110
64111
64114
64024
64117
64116
64119
33313
64118
64401
64492
64048
64050
64128
64132
64429
64060
64134
64058
64137
64062
64138
64068
64144
64072
64151
65536
64155
64077
64154
64157
64454
64079
64156
64158
64161
64165
64167
66103
63357
64166
64090
64093
64001
64097
64011
64096
64067
64020
64022
64071
64021
64074
64076
65321
64075
79765
64037
65327
64086
64085
01810
01812
01830
01831
01832
01833
01834
01835
01840
01841
01842
01843
01844
01845
01860
01885
01899
01901
01902
01903
01904
01905
01906
01907
01908
01910
01913
01915
01921
01922
01923
01929
01930
01931
01936
01937
01938
01940
01944
01945
01949
01950
01951
01952
01960
01961
01965
01966
01969
01970
01971
01982
01983
01984
01985
05501
05544
01431
01432
01434
01450
01460
01463
01464
01469
01470
01471
01472
01474
01701
01702
01703
01704
01705
01718
01719
01720
01721
01730
01731
01741
01742
01746
01748
01749
01752
01754
01760
01770
01773
01775
01776
01778
01784
01801
01803
01805
01813
01815
01821
01822
01824
01826
01827
01850
01851
01852
01853
01854
01862
01863
01864
01865
01866
01867
01876
01879
01880
01886
01887
01888
01889
01890
02138
02139
02140
02141
02142
02143
02144
02145
02148
02149
02153
02155
02156
02176
02180
02238
02420
02421
02451
02452
02453
02454
02455
02456
02458
02459
02460
02461
02462
02464
02465
02466
02467
02468
02471
02472
02474
02475
02476
02477
02478
02479
02493
02495
02019
02021
02025
02026
02027
02030
02032
02035
02038
02052
02053
02054
02056
02062
02067
02070
02071
02072
02081
02090
02093
02169
02170
02171
02184
02185
02186
02187
02188
02189
02190
02191
02269
02322
02343
02368
02445
02446
02447
02457
02481
02482
02492
02494
02762
03046
03106
03216
03221
03224
03229
03230
03231
03233
03234
03235
03242
03243
03255
03257
03258
03260
03263
03268
03272
03273
03275
03278
03287
03301
03302
03303
03304
03305
03307
03031
03033
03043
03045
03047
03048
03049
03051
03052
03054
03055
03057
03060
03061
03062
03063
03064
03070
03071
03076
03082
03084
03086
03101
03102
03103
03104
03105
03108
03109
03110
03111
03244
03281
03440
03442
03449
03458
03468
03032
03034
03036
03037
03038
03040
03041
03042
03044
03053
03073
03077
03079
03087
03261
03290
03291
03801
03802
03803
03804
03811
03819
03826
03827
03833
03840
03841
03842
03843
03844
03848
03854
03856
03857
03858
03859
03862
03865
03870
03871
03873
03874
03885
01001
01002
01003
01004
01005
01007
01008
01009
01010
01011
01012
01013
01014
01020
01021
01022
01026
01027
01028
01029
01030
01031
01032
01033
01034
01035
01036
01037
01038
01039
01040
01041
01050
01053
01054
01056
01057
01059
01060
01061
01062
01063
01066
01068
01069
01070
01071
01072
01073
01074
01075
01077
01079
01080
01081
01082
01083
01084
01085
01086
01088
01089
01090
01092
01093
01094
01095
01096
01097
01098
01101
01102
01103
01104
01105
01106
01107
01108
01109
01111
01115
01116
01118
01119
01128
01129
01133
01138
01139
01144
01151
01152
01195
01199
01201
01202
01203
01220
01222
01223
01224
01225
01226
01227
01229
01230
01235
01236
01237
01238
01240
01242
01243
01244
01245
01247
01252
01253
01254
01255
01256
01257
01258
01259
01260
01262
01263
01264
01266
01267
01270
01301
01302
01330
01331
01337
01338
01339
01340
01341
01342
01343
01344
01346
01347
01349
01350
01351
01354
01355
01360
01364
01366
01367
01368
01370
01373
01375
01376
01378
01379
01380
01420
01430
01431
01432
01434
01436
01438
01440
01441
01450
01451
01452
01453
01460
01462
01463
01464
01467
01468
01469
01470
01471
01472
01473
01474
01475
01477
01501
01503
01504
01505
01506
01507
01508
01509
01510
01515
01516
01517
01518
01519
01520
01521
01522
01523
01524
01525
01526
01527
01529
01531
01532
01534
01535
01536
01537
01538
01540
01541
01542
01543
01545
01546
01550
01560
01561
01562
01564
01566
01568
01569
01570
01571
01580
01581
01582
01583
01585
01586
01588
01590
01601
01602
01603
01604
01605
01606
01607
01608
01609
01610
01611
01612
01613
01614
01615
01653
01654
01655
01701
01702
01703
01704
01705
01718
01719
01720
01721
01730
01731
01740
01741
01742
01745
01746
01747
01748
01749
01752
01754
01756
01757
01760
01770
01772
01773
01775
01776
01778
01784
01801
01803
01805
01806
01807
01808
01810
01812
01813
01815
01821
01822
01824
01826
01827
01830
01831
01832
01833
01834
01835
01840
01841
01842
01843
01844
01845
01850
01851
01852
01853
01854
01860
01862
01863
01864
01865
01866
01867
01876
01879
01880
01885
01886
01887
01888
01889
01890
01899
01901
01902
01903
01904
01905
01906
01907
01908
01910
01913
01915
01921
01922
01923
01929
01930
01931
01936
01937
01938
01940
01944
01945
01949
01950
01951
01952
01960
01961
01965
01966
01969
01970
01971
01982
01983
01984
01985
02018
02019
02020
02021
02025
02026
02027
02030
02031
02032
02035
02038
02040
02041
02043
02044
02045
02047
02048
02050
02051
02052
02053
02054
02055
02056
02059
02060
02061
02062
02065
02066
02067
02070
02071
02072
02081
02090
02093
02108
02109
02110
02111
02112
02113
02114
02115
02116
02117
02118
02119
02120
02121
02122
02123
02124
02125
02126
02127
02128
02129
02130
02131
02132
02133
02134
02135
02136
02137
02138
02139
02140
02141
02142
02143
02144
02145
02148
02149
02150
02151
02152
02153
02155
02156
02163
02169
02170
02171
02176
02180
02184
02185
02186
02187
02188
02189
02190
02191
02196
02199
02201
02203
02204
02205
02206
02207
02210
02211
02212
02215
02216
02217
02222
02228
02238
02239
02241
02266
02269
02283
02284
02293
02295
02297
02298
02301
02302
02303
02304
02305
02322
02324
02325
02327
02330
02331
02332
02333
02334
02337
02338
02339
02340
02341
02343
02344
02345
02346
02347
02348
02349
02350
02351
02355
02356
02357
02358
02359
02360
02361
02362
02364
02366
02367
02368
02370
02375
02379
02381
02382
02420
02421
02445
02446
02447
02451
02452
02453
02454
02455
02456
02457
02458
02459
02460
02461
02462
02464
02465
02466
02467
02468
02471
02472
02474
02475
02476
02477
02478
02479
02481
02482
02492
02493
02494
02495
02532
02534
02535
02536
02537
02538
02539
02540
02541
02542
02543
02552
02553
02554
02556
02557
02558
02559
02561
02562
02563
02564
02565
02568
02571
02573
02574
02575
02576
02584
02601
02630
02631
02632
02633
02634
02635
02636
02637
02638
02639
02641
02642
02643
02644
02645
02646
02647
02648
02649
02650
02651
02652
02653
02655
02657
02659
02660
02661
02662
02663
02664
02666
02667
02668
02669
02670
02671
02672
02673
02675
02702
02703
02712
02713
02714
02715
02717
02718
02719
02720
02721
02722
02723
02724
02725
02726
02738
02739
02740
02741
02742
02743
02744
02745
02746
02747
02748
02760
02761
02762
02763
02764
02766
02767
02768
02769
02770
02771
02777
02779
02780
02783
02790
02791
05501
05544
97002
97004
97005
97006
97007
97008
97009
97010
97011
97013
97014
97015
97016
97017
97018
97019
97020
97021
97022
97023
97024
97026
97027
97028
97029
97030
97031
97032
97034
97035
97036
97038
97041
97042
97044
97045
97048
97049
97051
97053
97054
97055
97056
97060
97062
97064
97067
97068
97070
97071
97073
97075
97076
97077
97078
97080
97086
97089
97101
97103
97106
97107
97108
97109
97110
97111
97112
97113
97114
97116
97117
97118
97119
97121
97122
97123
97124
97125
97127
97128
97130
97131
97132
97133
97134
97135
97136
97137
97138
97140
97141
97143
97146
97148
97149
97201
97202
97203
97204
97206
97207
97208
97209
97210
97211
97212
97213
97214
97215
97216
97217
97218
97219
97220
97221
97222
97223
97224
97225
97229
97230
97232
97233
97236
97238
97239
97240
97242
97253
97254
97255
97256
97258
97259
97266
97267
97268
97271
97272
97280
97281
97282
97283
97286
97290
97291
97292
97293
97294
97296
97298
97299
97301
97302
97303
97304
97305
97306
97307
97308
97309
97310
97311
97312
97313
97314
97316
97317
97318
97321
97322
97324
97325
97326
97327
97329
97330
97331
97333
97335
97336
97338
97341
97342
97344
97346
97347
97348
97350
97351
97352
97355
97358
97359
97360
97361
97362
97368
97370
97371
97374
97375
97377
97378
97381
97383
97384
97385
97386
97389
97392
97393
97396
97401
97402
97403
97404
97405
97408
97409
97412
97413
97419
97424
97426
97430
97431
97438
97439
97440
97441
97446
97448
97453
97454
97456
97463
97472
97480
97482
97487
97488
97489
97490
97492
97493
97498
83111
98001
98002
98003
98023
98047
98063
98071
98092
98093
98321
98422
98530
98604
98390
98391
98391
98642
98531
98532
98401
98402
98403
98404
98405
98406
98407
98408
98409
98411
98412
98413
98415
98416
98417
98418
98419
98421
98422
98424
98431
98433
98443
98444
98445
98446
98447
98448
98464
98465
98466
98471
98481
98490
98493
98371
98372
98373
98374
98375
98439
98496
98497
98498
98499
98329
98332
98335
98391
98352
98390
98467
98360
98001
98002
98003
98023
98047
98063
98071
98092
98093
98388
98401
98402
98403
98404
98405
98406
98407
98408
98409
98411
98412
98413
98415
98416
98417
98418
98419
98421
98422
98424
98431
98433
98443
98444
98445
98446
98447
98448
98464
98465
98466
98471
98481
98490
98493
98328
98321
98371
98372
98373
98374
98375
98401
98402
98403
98404
98405
98406
98407
98408
98409
98411
98412
98413
98415
98416
98417
98418
98419
98421
98422
98424
98431
98433
98443
98444
98445
98446
98447
98448
98464
98465
98466
98471
98481
98490
98493
98255
98354
98327
98580
98323
98396
98422
98385
98344
98401
98402
98403
98404
98405
98406
98407
98408
98409
98411
98412
98413
98415
98416
98417
98418
98419
98421
98422
98424
98431
98433
98443
98444
98445
98446
98447
98448
98464
98465
98466
98471
98481
98490
98493
98395
98501
98502
98503
98504
98505
98506
98507
98508
98509
98511
98512
98513
98516
98540
98599
98511
98597
98589
98530
98531
98532
98596
98565
98591
98591
98356
98564
98361
98572
98377
98593
98355
98533
98632
98626
98625
98611
98674
98581
98660
98661
98662
98663
98664
98665
98666
98668
98682
98683
98684
98685
98686
98687
98607
98604
98671
98642
98629
98675
98612
98647
98643
98621
20711
20724
20733
20751
20755
20758
20764
20765
20776
20778
20779
21012
21032
21035
21037
21054
21056
21060
21061
21062
21076
21077
21090
21098
21106
21108
21113
21114
21122
21123
21140
21144
21146
21225
21226
21240
21401
21402
21403
21404
21405
21411
21412
21013
21020
21022
21023
21027
21030
21031
21051
21052
21053
21055
21057
21071
21082
21087
21092
21093
21094
21105
21111
21117
21120
21128
21131
21133
21136
21139
21152
21153
21155
21156
21162
21163
21204
21207
21208
21219
21220
21221
21222
21227
21228
21234
21236
21237
21244
21250
21251
21252
21282
21284
21285
21286
21048
21074
21080
21088
21102
21104
21157
21158
21757
21764
21776
21784
21787
21791
21797
21901
21902
21903
21904
21911
21912
21913
21914
21915
21916
21917
21918
21919
21920
21921
21922
21930
21701
21702
21703
21704
21705
21709
21710
21714
21716
21717
21718
21727
21754
21755
21758
21759
21762
21769
21770
21771
21773
21774
21775
21777
21778
21780
21788
21790
21792
21793
21798
21001
21005
21009
21010
21014
21015
21017
21018
21028
21034
21040
21047
21050
21078
21084
21085
21130
21132
21154
21160
21161
20701
20723
20759
20763
20777
20794
21029
21036
21041
21042
21043
21044
21045
21046
21075
21150
21723
21737
21738
21765
21794
20812
20813
20814
20815
20816
20817
20818
20824
20825
20827
20830
20832
20833
20837
20838
20839
20841
20842
20847
20848
20849
20850
20851
20852
20853
20854
20855
20857
20859
20860
20861
20862
20866
20868
20871
20872
20874
20875
20876
20877
20878
20879
20880
20882
20884
20885
20886
20889
20891
20892
20894
20895
20896
20897
20898
20899
20901
20902
20903
20904
20905
20906
20907
20908
20910
20911
20912
20914
20915
20916
20918
20997
21201
21202
21203
21205
21206
21209
21210
21211
21212
21213
21214
21215
21216
21217
21218
21223
21224
21229
21230
21231
21233
21235
21239
21241
21260
21263
21264
21265
21268
21270
21273
21274
21275
21278
21279
21280
21281
21283
21287
21288
21289
21290
21297
21298
20792
97324
97326
97330
97331
97333
97339
97370
97456
97401
97402
97403
97404
97405
97408
97409
97412
97413
97419
97424
97426
97427
97430
97431
97434
97437
97438
97439
97440
97448
97451
97452
97453
97454
97455
97461
97463
97472
97477
97478
97480
97482
97487
97488
97489
97490
97492
97493
97321
97327
97329
97335
97336
97345
97348
97355
97358
97360
97374
97377
97386
97389
97446
97322
60014
60156
60142
60098
60012
60013
60102
60021
60013
60102
60021
60050
60051
60042
60097
60084
60018
60118
60110
60142
60124
60136
60010
60014
60156
60142
60098
60012
60013
60102
60021
60013
60102
60021
60050
60051
60042
60097
60084
60018
60118
60110
60142
60124
60136
60010