60004
60005
60103
60499
60104
60163
60402
60406
60455
60155
60513
60459
60411
60412
60415
60804
60478
60016
60017
60018
60019
60007
60707
60201
60202
60203
60204
60208
60209
60805
60130
60131
60022
60025
60026
60029
60133
60706
60457
60141
60169
60179
60192
60430
60043
60525
60526
60439
60712
60534
60428
60160
60161
60164
60445
60053
60056
60714
60062
60452
60453
60454
60301
60302
60303
60304
60462
60467
60038
60055
60067
60074
60078
60094
60095
60463
60465
60464
60466
60068
60070
60305
60171
60827
60546
60008
60159
60168
60173
60193
60194
60195
60196
60176
60076
60077
60107
60501
60082
60477
60487
60154
60558
60090
60480
60091
60093
60505
60506
60507
60568
60570
60110
60118
60120
60121
60123
60124
60134
60136
60140
60542
60174
60175
60177
60554
60002
60010
60089
60015
60037
60020
60030
60088
60031
60035
60040
60041
60042
60044
60045
60046
60047
60048
60069
60060
60073
60075
60061
60083
60084
60079
60085
60084
60096
60089
60102
60013
60012
60014
60039
60021
60033
60034
60156
97324
97326
97330
97331
97333
97339
97370
97456
97401
97402
97403
97404
97405
97408
97409
97412
97413
97419
97424
97426
97427
97430
97431
97434
97437
97438
97439
97440
97448
97451
97452
97453
97454
97455
97461
97463
97472
97477
97478
97480
97482
97487
97488
97489
97490
97492
97493
97321
97327
97329
97335
97336
97345
97348
97355
97358
97360
97374
97377
97386
97389
97446
97322
60004
60005
60006
60007
60008
60009
60016
60017
60018
60019
60022
60025
60026
60029
60038
60043
60053
60055
60056
60062
60065
60067
60068
60070
60074
60076
60077
60078
60082
60090
60091
60093
60094
60095
60103
60104
60107
60130
60131
60141
60153
60154
60155
60159
60160
60161
60162
60163
60164
60165
60168
60171
60173
60176
60179
60192
60193
60194
60195
60196
60201
60202
60203
60204
60208
60209
60301
60302
60303
60304
60305
60402
60406
60409
60411
60412
60415
60419
60422
60425
60426
60429
60430
60438
60443
60445
60452
60453
60454
60455
60456
60457
60458
60459
60461
60462
60463
60464
60465
60466
60467
60469
60471
60472
60473
60475
60476
60477
60478
60480
60482
60499
60501
60513
60525
60526
60527
60534
60546
60558
60601
60602
60603
60604
60605
60606
60607
60608
60609
60610
60611
60612
60613
60614
60615
60616
60617
60618
60619
60620
60621
60622
60623
60624
60625
60626
60628
60629
60630
60631
60632
60633
60634
60636
60637
60638
60639
60640
60641
60642
60643
60644
60645
60646
60647
60649
60651
60652
60653
60654
60655
60656
60657
60659
60660
60661
60663
60664
60665
60666
60667
60668
60669
60670
60671
60672
60673
60674
60675
60677
60678
60680
60681
60683
60684
60685
60687
60690
60691
60693
60694
60697
60699
60701
60706
60707
60712
60714
60803
60804
60805
60827
60101
60105
60106
60108
60114
60116
60117
60125
60126
60128
60132
60133
60137
60138
60139
60143
60148
60157
60172
60181
60184
60185
60186
60187
60188
60189
60190
60191
60197
60198
60199
60439
60504
60514
60515
60516
60517
60519
60521
60522
60523
60532
60540
60555
60559
60561
60563
60565
60566
60567
60570
60572
60598
60599
60109
60110
60118
60119
60120
60121
60122
60123
60134
60136
60140
60144
60147
60151
60170
60174
60175
60177
60182
60183
60505
60506
60507
60510
60511
60539
60542
60554
60568
60428
60014
60156
60142
60098
60012
60013
60102
60021
60013
60102
60021
60050
60051
60042
60097
60084
60018
60118
60110
60142
60124
60136
60010