01420
01430
01431
01432
01434
01440
01441
01450
01451
01453
01460
01462
01463
01464
01467
01469
01470
01471
01472
01473
01474
01503
01504
01505
01510
01516
01519
01523
01525
01526
01527
01529
01532
01534
01536
01538
01540
01545
01546
01560
01561
01564
01568
01569
01570
01581
01586
01588
01590
01604
01607
01701
01702
01703
01704
01705
01718
01719
01720
01721
01730
01731
01740
01741
01742
01745
01746
01747
01748
01749
01752
01754
01756
01757
01760
01770
01772
01773
01775
01776
01778
01784
01801
01803
01805
01810
01812
01813
01815
01821
01822
01824
01826
01827
01830
01831
01832
01833
01834
01835
01840
01841
01842
01843
01844
01845
01850
01851
01852
01853
01854
01860
01862
01863
01864
01865
01866
01867
01876
01879
01880
01885
01886
01887
01888
01889
01890
01899
01901
01902
01903
01904
01905
01906
01907
01908
01910
01913
01915
01921
01922
01923
01929
01936
01937
01938
01940
01944
01945
01949
01950
01960
01961
01965
01969
01970
01971
01982
01983
01984
01985
02018
02019
02020
02021
02025
02026
02027
02030
02032
02035
02038
02040
02041
02043
02044
02045
02047
02048
02050
02051
02052
02053
02054
02055
02056
02059
02060
02061
02062
02065
02066
02067
02070
02071
02072
02081
02090
02093
02108
02109
02110
02111
02112
02113
02114
02115
02116
02117
02118
02119
02120
02121
02122
02123
02124
02125
02126
02127
02128
02129
02130
02131
02132
02133
02134
02135
02136
02137
02138
02139
02140
02141
02142
02143
02144
02145
02148
02149
02150
02151
02152
02153
02155
02156
02163
02169
02170
02171
02176
02180
02184
02185
02186
02187
02188
02189
02190
02191
02196
02199
02201
02203
02204
02205
02206
02210
02211
02212
02215
02217
02222
02228
02238
02241
02266
02269
02283
02284
02293
02297
02298
02301
02302
02303
02304
02305
02322
02324
02325
02327
02330
02331
02332
02333
02334
02337
02338
02339
02340
02341
02343
02344
02346
02347
02348
02349
02350
02351
02355
02356
02357
02358
02359
02364
02367
02368
02370
02375
02379
02382
02420
02421
02445
02446
02447
02451
02452
02453
02454
02455
02456
02457
02458
02459
02460
02461
02462
02464
02465
02466
02467
02468
02471
02472
02474
02475
02476
02477
02478
02479
02481
02482
02492
02493
02494
02495
02702
02703
02712
02714
02715
02717
02718
02719
02720
02721
02722
02723
02724
02725
02726
02739
02740
02741
02742
02743
02744
02745
02746
02747
02748
02760
02761
02762
02763
02764
02766
02767
02768
02769
02770
02771
02777
02779
02780
02783
02790
02791
02801
02802
02804
02806
02808
02809
02812
02813
02814
02815
02816
02817
02818
02822
02823
02824
02825
02826
02827
02828
02829
02830
02831
02832
02833
02835
02836
02837
02838
02839
02840
02841
02842
02852
02857
02858
02859
02860
02861
02862
02863
02864
02865
02871
02872
02873
02874
02875
02876
02877
02878
02879
02880
02881
02882
02883
02885
02886
02887
02888
02889
02892
02893
02894
02895
02896
02898
02901
02902
02903
02904
02905
02906
02907
02908
02909
02910
02911
02912
02914
02915
02916
02917
02918
02919
02920
02921
02940
03031
03032
03033
03034
03036
03038
03040
03041
03042
03043
03044
03045
03046
03047
03048
03049
03051
03052
03053
03054
03055
03057
03060
03061
03062
03063
03064
03070
03071
03073
03076
03077
03079
03082
03084
03086
03087
03101
03102
03103
03104
03105
03106
03108
03109
03110
03111
03275
03281
03304
03442
03452
03458
03461
03468
03811
03819
03826
03827
03833
03841
03848
03858
03859
03865
03873
05501
05544
06233
06234
06239
06241
06243
06246
06255
06258
06259
06260
06263
06267
06277
06331
06332
06351
06354
06359
06373
06374
06377
06384
06387
06403
06408
06410
06411
06444
06467
06478
06479
06488
06524
06701
06702
06703
06704
06705
06706
06708
06710
06712
06716
06720
06721
06722
06723
06724
06725
06726
06749
06751
06762
06770
06779
06781
06782
06786
06787
06795
06798
07001
07002
07003
07004
07006
07007
07008
07009
07010
07011
07012
07013
07014
07015
07016
07017
07018
07019
07020
07021
07022
07023
07024
07026
07027
07028
07029
07030
07031
07032
07033
07034
07035
07036
07039
07040
07041
07042
07043
07044
07047
07050
07051
07052
07055
07057
07058
07059
07060
07061
07062
07063
07064
07065
07066
07067
07068
07069
07070
07071
07072
07073
07074
07075
07076
07077
07078
07079
07080
07081
07083
07086
07087
07088
07090
07091
07092
07093
07094
07095
07096
07097
07099
07101
07102
07103
07104
07105
07106
07107
07108
07109
07110
07111
07112
07114
07175
07184
07188
07189
07191
07192
07193
07195
07198
07199
07201
07202
07203
07204
07205
07206
07207
07208
07302
07303
07304
07305
07306
07307
07308
07310
07311
07395
07399
07407
07410
07423
07424
07432
07440
07450
07451
07452
07463
07470
07474
07481
07501
07502
07503
07504
07505
07506
07507
07508
07509
07510
07511
07512
07513
07514
07522
07524
07533
07538
07543
07544
07601
07602
07603
07604
07605
07606
07607
07608
07620
07621
07624
07626
07627
07628
07630
07631
07632
07640
07641
07642
07643
07644
07646
07647
07648
07649
07650
07652
07653
07657
07660
07661
07662
07663
07666
07670
07675
07676
07699
07701
07702
07703
07704
07711
07712
07715
07716
07717
07718
07720
07721
07722
07723
07724
07726
07730
07732
07733
07734
07735
07737
07738
07739
07740
07746
07747
07748
07750
07751
07752
07753
07754
07755
07756
07757
07758
07760
07764
07765
07799
07901
07902
07922
07928
07932
07933
07935
07936
07940
07961
07974
07976
07980
07981
07999
08812
08816
08817
08818
08820
08828
08830
08832
08837
08840
08846
08850
08854
08855
08857
08859
08861
08862
08863
08871
08872
08879
08882
08884
08899
08901
08903
08904
08906
08933
08989
10001
10002
10003
10004
10005
10006
10007
10008
10009
10010
10011
10012
10013
10014
10016
10017
10018
10019
10020
10021
10022
10023
10024
10025
10026
10027
10028
10029
10030
10031
10032
10033
10034
10035
10036
10037
10038
10039
10040
10041
10043
10044
10045
10055
10060
10065
10069
10075
10080
10081
10087
10090
10101
10102
10103
10104
10105
10106
10107
10108
10109
10110
10111
10112
10113
10114
10115
10116
10117
10118
10119
10120
10121
10122
10123
10124
10125
10126
10128
10129
10130
10131
10132
10133
10138
10150
10151
10152
10153
10154
10155
10156
10157
10158
10159
10160
10161
10162
10163
10164
10165
10166
10167
10168
10169
10170
10171
10172
10173
10174
10175
10176
10177
10178
10179
10185
10199
10203
10211
10212
10213
10242
10249
10256
10257
10258
10259
10260
10261
10265
10268
10269
10270
10271
10272
10273
10274
10275
10276
10277
10278
10279
10280
10281
10282
10285
10286
10292
10301
10302
10303
10304
10305
10306
10307
10308
10309
10310
10311
10312
10313
10314
10451
10452
10453
10454
10455
10456
10457
10458
10459
10460
10461
10462
10463
10464
10465
10466
10467
10468
10469
10470
10471
10472
10473
10474
10475
10502
10503
10522
10528
10530
10538
10543
10550
10551
10552
10553
10580
10583
10701
10702
10703
10704
10705
10706
10707
10708
10709
10710
10801
10802
10803
10804
10805
10964
10976
10983
11001
11002
11003
11004
11005
11010
11020
11021
11022
11023
11024
11026
11027
11030
11040
11042
11050
11051
11052
11053
11054
11055
11096
11101
11102
11103
11104
11105
11106
11109
11120
11201
11202
11203
11204
11205
11206
11207
11208
11209
11210
11211
11212
11213
11214
11215
11216
11217
11218
11219
11220
11221
11222
11223
11224
11225
11226
11228
11229
11230
11231
11232
11233
11234
11235
11236
11237
11238
11239
11241
11242
11243
11245
11247
11249
11251
11252
11256
11351
11352
11354
11355
11356
11357
11358
11359
11360
11361
11362
11363
11364
11365
11366
11367
11368
11369
11370
11371
11372
11373
11374
11375
11377
11378
11379
11380
11381
11385
11386
11405
11411
11412
11413
11414
11415
11416
11417
11418
11419
11420
11421
11422
11423
11424
11425
11426
11427
11428
11429
11430
11431
11432
11433
11434
11435
11436
11439
11451
11499
11501
11507
11509
11510
11514
11516
11518
11520
11530
11531
11542
11545
11547
11548
11549
11550
11551
11552
11553
11554
11555
11556
11557
11558
11559
11560
11561
11563
11565
11566
11568
11569
11570
11571
11572
11575
11576
11577
11579
11580
11581
11582
11590
11596
11598
11599
11690
11691
11692
11693
11694
11695
11697
11701
11709
11710
11714
11726
11732
11735
11737
11753
11756
11758
11762
11765
11771
11773
11783
11791
11793
11797
11801
11802
11803
11804
11815
11819
11853
11854
13035
13037
13051
13057
13066
13078
13082
13104
13116
13120
13138
13201
13202
13203
13205
13206
13207
13210
13214
13217
13224
13235
13244
13732
13737
13760
13761
13762
13763
13790
13802
13811
13827
13850
13851
13901
13902
13903
13905
14445
14450
14467
14526
14534
14563
14580
14602
14603
14604
14605
14606
14607
14608
14609
14610
14611
14612
14613
14614
14615
14616
14617
14618
14619
14620
14621
14622
14623
14624
14625
14626
14627
14638
14639
14642
14643
14644
14646
14647
14649
14650
14651
14652
14653
14692
14694
18001
18002
18003
18015
18016
18017
18018
18025
18031
18032
18034
18036
18037
18046
18049
18051
18052
18059
18060
18062
18065
18067
18068
18069
18078
18086
18087
18092
18098
18099
18101
18102
18103
18104
18105
18106
18109
18195
19538
22501
22514
22546
23005
23009
23014
23015
23024
23039
23047
23058
23059
23060
23063
23065
23067
23069
23075
23086
23102
23103
23106
23111
23112
23113
23114
23116
23120
23124
23126
23129
23139
23141
23146
23150
23153
23160
23162
23173
23177
23192
23218
23219
23220
23221
23222
23223
23224
23225
23226
23227
23228
23229
23230
23231
23232
23233
23234
23235
23236
23237
23238
23241
23242
23249
23250
23255
23260
23261
23269
23273
23274
23276
23278
23279
23282
23284
23285
23286
23288
23289
23290
23291
23292
23293
23294
23295
23297
23298
23801
23803
23804
23806
23831
23832
23834
23836
23838
23860
27107
27214
27228
27235
27260
27261
27262
27263
27264
27265
27268
27278
27282
27284
27285
27301
27312
27342
27361
27373
27377
27401
27402
27403
27404
27405
27406
27407
27408
27409
27410
27411
27412
27413
27415
27416
27417
27419
27420
27425
27427
27429
27435
27438
27455
27495
27497
27498
27499
27501
27502
27503
27508
27509
27510
27511
27512
27513
27514
27515
27516
27517
27518
27519
27520
27522
27523
27525
27526
27527
27528
27529
27539
27540
27543
27544
27545
27549
27557
27559
27560
27562
27571
27572
27581
27587
27588
27591
27592
27593
27596
27597
27599
27601
27602
27603
27604
27605
27606
27607
27608
27609
27610
27611
27612
27613
27614
27615
27616
27617
27619
27620
27621
27622
27623
27624
27625
27626
27627
27628
27629
27634
27635
27636
27640
27650
27656
27658
27661
27668
27675
27676
27690
27695
27697
27698
27699
27701
27702
27703
27704
27705
27706
27707
27708
27709
27710
27711
27712
27713
27715
27717
27722
28401
28402
28403
28404
28405
28406
28407
28408
28409
28410
28411
28412
28421
28422
28423
28425
28428
28429
28435
28436
28443
28445
28448
28449
28451
28456
28457
28461
28462
28465
28478
28479
28480
29601
29602
29603
29604
29605
29606
29607
29608
29609
29610
29611
29612
29614
29615
29616
29617
29620
29621
29622
29623
29624
29625
29626
29627
29628
29630
29631
29632
29633
29634
29636
29638
29639
29640
29641
29642
29643
29644
29645
29653
29654
29655
29656
29657
29659
29662
29665
29667
29669
29670
29671
29672
29673
29675
29677
29678
29679
29680
29681
29682
29684
29689
29692
29693
29696
29697
30516
30520
30553
30634
30643
32003
32004
32006
32009
32011
32030
32034
32035
32038
32041
32042
32043
32044
32050
32054
32065
32067
32068
32073
32079
32081
32082
32091
32092
32095
32097
32099
32102
32105
32110
32113
32114
32115
32116
32117
32118
32119
32120
32121
32122
32123
32124
32125
32126
32127
32128
32129
32130
32132
32138
32139
32141
32160
32168
32169
32170
32173
32174
32175
32176
32180
32182
32185
32190
32192
32198
32201
32202
32203
32204
32205
32206
32207
32208
32209
32210
32211
32212
32214
32216
32217
32218
32219
32220
32221
32222
32223
32224
32225
32226
32227
32228
32229
32231
32232
32233
32234
32235
32236
32237
32238
32239
32240
32241
32244
32245
32246
32247
32250
32254
32255
32256
32257
32258
32259
32260
32266
32277
32601
32602
32603
32604
32605
32606
32607
32608
32609
32610
32611
32612
32614
32615
32616
32618
32619
32621
32622
32627
32631
32633
32634
32635
32640
32641
32643
32644
32653
32654
32655
32656
32658
32662
32663
32664
32666
32667
32668
32669
32681
32686
32693
32694
32696
32697
32701
32702
32703
32704
32706
32707
32708
32709
32710
32712
32713
32714
32715
32716
32718
32719
32720
32721
32722
32723
32724
32725
32726
32727
32728
32730
32732
32733
32735
32736
32738
32739
32744
32745
32746
32747
32750
32751
32752
32753
32756
32757
32762
32763
32764
32765
32766
32767
32768
32771
32772
32773
32774
32776
32777
32778
32779
32784
32789
32790
32791
32792
32793
32794
32795
32798
32799
32801
32802
32803
32804
32805
32806
32807
32808
32809
32810
32811
32812
32814
32816
32817
32818
32819
32820
32821
32822
32824
32825
32826
32827
32828
32829
32830
32831
32832
32833
32834
32835
32836
32837
32839
32853
32854
32855
32856
32857
32858
32859
32860
32861
32862
32867
32868
32869
32872
32877
32878
32885
32886
32887
32891
32896
32897
33002
33004
33008
33009
33010
33011
33012
33013
33014
33015
33016
33017
33018
33019
33020
33021
33022
33023
33024
33025
33026
33027
33028
33029
33030
33031
33032
33033
33034
33035
33039
33054
33055
33056
33060
33061
33062
33063
33064
33065
33066
33067
33068
33069
33071
33072
33073
33074
33075
33076
33077
33081
33082
33083
33084
33090
33092
33093
33097
33101
33102
33106
33109
33111
33112
33114
33116
33119
33122
33124
33125
33126
33127
33128
33129
33130
33131
33132
33133
33134
33135
33136
33137
33138
33139
33140
33141
33142
33143
33144
33145
33146
33147
33149
33150
33151
33152
33153
33154
33155
33156
33157
33158
33160
33161
33162
33163
33164
33165
33166
33167
33168
33169
33170
33172
33173
33174
33175
33176
33177
33178
33179
33180
33181
33182
33183
33184
33185
33186
33187
33188
33189
33190
33193
33194
33195
33196
33197
33199
33206
33222
33231
33233
33234
33238
33239
33242
33243
33245
33247
33255
33256
33257
33261
33265
33266
33269
33280
33283
33296
33299
33301
33302
33303
33304
33305
33306
33307
33308
33309
33310
33311
33312
33313
33314
33315
33316
33317
33318
33319
33320
33321
33322
33323
33324
33325
33326
33327
33328
33329
33330
33331
33332
33334
33335
33336
33337
33338
33339
33340
33345
33346
33348
33349
33351
33355
33359
33388
33394
33427
33428
33429
33431
33432
33433
33434
33441
33442
33443
33481
33486
33487
33488
33496
33497
33498
33499
33503
33508
33509
33510
33511
33524
33527
33530
33534
33539
33540
33541
33542
33543
33544
33545
33547
33548
33549
33550
33556
33558
33559
33563
33564
33565
33566
33567
33568
33569
33570
33571
33572
33573
33574
33575
33576
33578
33579
33583
33584
33586
33587
33592
33594
33595
33596
33598
33601
33602
33603
33604
33605
33606
33607
33608
33609
33610
33611
33612
33613
33614
33615
33616
33617
33618
33619
33620
33621
33622
33623
33624
33625
33626
33629
33630
33631
33633
33634
33635
33637
33646
33647
33650
33655
33660
33661
33662
33663
33664
33672
33673
33674
33675
33677
33679
33680
33681
33682
33684
33685
33686
33687
33688
33689
33694
33701
33702
33703
33704
33705
33706
33707
33708
33709
33710
33711
33712
33713
33714
33715
33716
33729
33730
33731
33732
33733
33734
33736
33737
33738
33740
33741
33742
33743
33744
33747
33755
33756
33757
33758
33759
33760
33761
33762
33763
33764
33765
33766
33767
33769
33770
33771
33772
33773
33774
33775
33776
33777
33778
33779
33780
33781
33782
33784
33785
33786
33801
33802
33803
33804
33805
33806
33807
33809
33810
33811
33812
33813
33815
33820
33823
33827
33830
33831
33834
33835
33836
33837
33838
33839
33840
33841
33843
33844
33845
33846
33847
33848
33849
33850
33851
33853
33854
33855
33856
33858
33859
33860
33863
33868
33877
33880
33881
33882
33883
33884
33885
33888
33896
33897
33898
33901
33902
33903
33904
33905
33906
33907
33908
33909
33910
33911
33912
33913
33914
33915
33916
33917
33918
33919
33920
33922
33924
33928
33929
33930
33931
33932
33935
33936
33945
33949
33950
33955
33956
33957
33965
33966
33967
33970
33971
33972
33973
33974
33975
33976
33982
33990
33991
33993
33994
34101
34102
34103
34104
34105
34106
34107
34108
34109
34110
34112
34113
34114
34116
34117
34119
34120
34133
34134
34135
34136
34140
34142
34143
34145
34146
34201
34202
34203
34204
34205
34206
34207
34208
34209
34210
34211
34212
34215
34216
34217
34218
34219
34220
34221
34222
34228
34229
34230
34231
34232
34233
34234
34235
34236
34237
34238
34239
34240
34241
34242
34243
34250
34251
34260
34264
34270
34272
34274
34275
34276
34277
34278
34280
34281
34282
34284
34285
34286
34287
34289
34290
34291
34292
34293
34610
34637
34638
34639
34652
34653
34654
34655
34656
34660
34667
34668
34669
34673
34674
34677
34680
34681
34682
34683
34684
34685
34688
34689
34690
34691
34692
34695
34697
34698
34705
34711
34712
34713
34714
34715
34729
34734
34736
34737
34740
34741
34742
34743
34744
34745
34746
34747
34755
34756
34758
34759
34760
34761
34769
34770
34771
34772
34777
34778
34786
34787
34788
34789
34797
37501
37544
38016
38017
38018
38029
38088
38104
38108
38111
38112
38114
38115
38116
38117
38118
38119
38120
38122
38124
38125
38130
38131
38132
38133
38134
38136
38137
38138
38139
38141
38151
38152
38157
38161
38166
38174
38175
38177
38181
38182
38183
38184
38186
38187
38188
38193
38194
38197
38654
39040
39041
39042
39043
39044
39046
39047
39056
39058
39059
39060
39062
39071
39073
39082
39087
39098
39110
39114
39117
39130
39145
39148
39151
39154
39157
39158
39161
39163
39167
39170
39174
39193
39201
39202
39203
39204
39205
39206
39207
39208
39209
39210
39211
39212
39213
39215
39216
39217
39218
39225
39232
39236
39250
39269
39271
39272
39282
39283
39284
39286
39288
39289
39296
39298
40310
40312
40324
40330
40339
40340
40342
40347
40348
40353
40356
40357
40361
40362
40370
40372
40379
40383
40384
40385
40390
40391
40392
40410
40444
40446
40461
40475
40476
40502
40503
40504
40505
40506
40507
40508
40509
40510
40511
40512
40513
40514
40515
40516
40517
40522
40523
40524
40526
40533
40536
40544
40546
40550
40555
40574
40575
40576
40577
40578
40579
40580
40581
40582
40583
40588
40591
40598
40601
40602
40603
40604
40618
40619
40620
40621
40622
41031
42451
42458
45323
45324
45341
45344
45371
45377
45401
45402
45403
45404
45405
45406
45409
45410
45412
45413
45414
45415
45416
45419
45420
45422
45423
45424
45430
45431
45432
45433
45434
45435
45437
45469
45479
45481
45482
45490
46036
47601
47610
47629
47630
47701
47702
47703
47704
47705
47706
47708
47711
47713
47714
47715
47716
47722
47724
47728
47730
47731
47732
47733
47734
47735
47736
47737
47747
47750
48007
48009
48012
48015
48017
48021
48025
48026
48030
48033
48034
48035
48036
48037
48038
48042
48043
48044
48045
48046
48051
48065
48066
48067
48068
48069
48070
48071
48072
48073
48075
48076
48080
48081
48082
48083
48084
48085
48086
48088
48089
48090
48091
48092
48093
48094
48095
48096
48098
48099
48101
48103
48104
48105
48106
48107
48108
48109
48110
48111
48112
48113
48114
48115
48116
48117
48118
48120
48121
48122
48123
48124
48125
48126
48127
48128
48130
48131
48134
48135
48136
48137
48138
48139
48140
48141
48143
48146
48150
48151
48152
48153
48154
48158
48159
48160
48161
48162
48164
48165
48166
48167
48168
48169
48170
48173
48174
48175
48176
48178
48179
48180
48183
48184
48185
48186
48187
48188
48189
48190
48191
48192
48193
48195
48197
48198
48201
48202
48203
48204
48205
48206
48207
48208
48209
48210
48211
48212
48213
48214
48215
48216
48217
48218
48219
48220
48221
48222
48223
48224
48225
48226
48227
48228
48229
48230
48231
48232
48233
48234
48235
48236
48237
48238
48239
48240
48242
48243
48244
48255
48260
48264
48265
48266
48267
48268
48269
48272
48275
48277
48278
48279
48288
48301
48302
48303
48304
48306
48307
48308
48309
48310
48311
48312
48313
48314
48315
48316
48317
48318
48320
48321
48322
48323
48324
48325
48326
48327
48328
48329
48330
48331
48332
48333
48334
48335
48336
48340
48341
48342
48343
48346
48347
48348
48350
48353
48356
48357
48359
48360
48361
48362
48363
48366
48367
48370
48371
48374
48375
48376
48377
48380
48381
48382
48383
48386
48387
48390
48391
48393
48397
48430
48438
48442
48462
48843
48844
48855
49229
49230
49236
49238
49240
49259
49263
49265
49268
49270
49285
49286
49287
49289
53104
53140
53141
53142
53143
53144
53158
53171
53177
53194
60075
60083
60096
60099
64002
64012
64030
64050
64051
64052
64053
64054
64055
64057
64063
64064
64065
64081
64082
64083
64086
64101
64102
64105
64106
64108
64109
64110
64111
64112
64113
64114
64116
64117
64120
64121
64123
64124
64125
64126
64127
64128
64129
64130
64131
64132
64133
64134
64136
64137
64138
64139
64141
64144
64145
64146
64147
64148
64149
64162
64168
64170
64171
64179
64180
64184
64187
64191
64196
64197
64198
64199
64999
66051
66061
66062
66063
66085
66101
66102
66103
66104
66105
66106
66110
66111
66112
66113
66115
66117
66118
66119
66160
66201
66202
66203
66204
66205
66206
66207
66208
66209
66210
66211
66212
66213
66214
66215
66216
66217
66218
66219
66220
66221
66222
66223
66224
66225
66226
66227
66250
66251
66276
66282
66283
66285
66286
70001
70002
70003
70004
70005
70006
70009
70010
70011
70030
70031
70032
70033
70036
70037
70039
70040
70043
70044
70047
70049
70053
70054
70055
70056
70057
70058
70059
70060
70062
70063
70064
70065
70067
70068
70069
70070
70072
70073
70075
70078
70079
70080
70084
70085
70087
70092
70093
70094
70096
70097
70112
70113
70114
70115
70116
70117
70118
70119
70121
70122
70123
70124
70125
70126
70127
70128
70129
70130
70131
70139
70141
70142
70143
70145
70146
70148
70150
70151
70152
70153
70154
70156
70157
70158
70159
70160
70161
70162
70163
70164
70165
70166
70167
70170
70172
70174
70175
70176
70177
70178
70179
70181
70182
70183
70184
70185
70186
70187
70189
70190
70195
70355
70371
70373
70445
73002
73003
73004
73007
73008
73010
73011
73012
73013
73016
73019
73020
73022
73023
73025
73026
73028
73031
73034
73036
73044
73045
73049
73051
73052
73054
73057
73058
73059
73064
73065
73066
73068
73069
73070
73071
73072
73074
73078
73079
73080
73083
73084
73085
73089
73090
73093
73095
73097
73099
73101
73102
73103
73104
73105
73106
73107
73108
73109
73110
73111
73112
73113
73114
73115
73116
73117
73118
73119
73120
73121
73122
73123
73124
73125
73126
73127
73128
73129
73130
73131
73132
73134
73135
73136
73137
73139
73140
73141
73142
73143
73144
73145
73146
73147
73148
73149
73150
73151
73152
73153
73154
73155
73156
73157
73159
73160
73162
73163
73164
73165
73167
73169
73170
73172
73173
73178
73179
73184
73185
73189
73190
73194
73195
73196
73301
73344
73762
74851
74852
74857
74873
74881
78602
78610
78612
78613
78615
78616
78617
78619
78620
78621
78627
78630
78634
78640
78641
78644
78645
78646
78651
78652
78653
78655
78656
78660
78662
78664
78665
78666
78667
78669
78670
78676
78680
78681
78682
78683
78691
78701
78702
78703
78704
78705
78708
78709
78710
78711
78712
78713
78714
78715
78716
78717
78718
78719
78720
78721
78722
78723
78724
78725
78726
78727
78728
78729
78730
78731
78732
78733
78734
78735
78736
78737
78738
78739
78741
78742
78744
78745
78746
78747
78748
78749
78750
78751
78752
78753
78754
78755
78756
78757
78758
78759
78760
78761
78762
78763
78764
78765
78766
78767
78768
78769
78772
78773
78774
78778
78779
78783
78799
80001
80002
80003
80004
80005
80006
80007
80010
80020
80021
80022
80023
80024
80025
80026
80027
80030
80031
80033
80034
80035
80036
80037
80038
80040
80041
80044
80045
80106
80110
80118
80132
80133
80150
80151
80201
80202
80203
80204
80205
80206
80207
80208
80209
80210
80211
80212
80214
80215
80216
80217
80218
80219
80220
80221
80222
80223
80224
80225
80226
80227
80228
80229
80230
80232
80233
80234
80235
80236
80238
80239
80241
80243
80244
80246
80248
80250
80252
80256
80257
80259
80260
80261
80262
80264
80265
80266
80271
80273
80274
80281
80290
80291
80293
80294
80299
80301
80302
80303
80304
80305
80306
80307
80308
80309
80310
80314
80401
80402
80403
80419
80422
80427
80436
80437
80439
80452
80453
80454
80455
80457
80466
80471
80474
80481
80501
80502
80503
80504
80510
80511
80513
80514
80515
80516
80517
80520
80530
80533
80534
80537
80538
80539
80540
80542
80543
80544
80601
80602
80603
80614
80621
80623
80640
80651
80808
80809
80813
80814
80816
80817
80819
80829
80831
80840
80841
80860
80863
80866
80901
80902
80903
80904
80905
80906
80907
80908
80909
80910
80911
80912
80913
80914
80915
80916
80917
80918
80919
80920
80921
80922
80923
80924
80925
80926
80927
80928
80929
80930
80931
80932
80933
80934
80935
80936
80937
80938
80939
80941
80942
80944
80946
80947
80949
80950
80951
80960
80962
80970
80977
80995
80997
83605
83606
83607
83616
83617
83626
83628
83629
83630
83634
83636
83639
83641
83642
83644
83646
83651
83652
83653
83656
83669
83670
83676
83680
83686
83687
83701
83702
83703
83704
83705
83706
83707
83708
83709
83711
83712
83713
83714
83715
83716
83717
83719
83720
83722
83724
83725
83726
83728
83729
83731
83732
83735
83756
83799
85614
85619
85623
85629
85631
85641
85652
85654
85658
85701
85702
85703
85704
85705
85706
85707
85708
85709
85710
85711
85712
85713
85714
85715
85716
85717
85718
85719
85720
85721
85722
85723
85724
85725
85726
85728
85730
85731
85732
85733
85734
85735
85736
85737
85738
85739
85740
85741
85742
85743
85744
85745
85746
85747
85748
85749
85750
85751
85752
85754
85755
85756
85757
85775
90001
90002
90003
90004
90005
90006
90007
90008
90009
90010
90011
90012
90013
90014
90015
90016
90017
90018
90019
90020
90021
90022
90023
90024
90025
90026
90027
90028
90029
90030
90031
90032
90033
90034
90035
90036
90037
90038
90039
90040
90041
90042
90043
90044
90045
90046
90047
90048
90049
90050
90051
90052
90053
90054
90055
90056
90057
90058
90059
90060
90061
90062
90063
90064
90065
90066
90067
90068
90069
90070
90071
90072
90073
90074
90075
90076
90077
90078
90079
90080
90081
90082
90083
90084
90086
90087
90088
90089
90090
90091
90093
90094
90095
90096
90099
90189
90201
90202
90209
90210
90211
90212
90213
90220
90221
90222
90223
90224
90230
90231
90232
90233
90239
90240
90241
90242
90245
90247
90248
90249
90250
90251
90254
90255
90260
90261
90262
90263
90264
90265
90266
90267
90270
90272
90274
90275
90277
90278
90280
90290
90291
90292
90293
90294
90295
90296
90301
90302
90303
90304
90305
90306
90307
90308
90309
90310
90311
90312
90401
90402
90403
90404
90405
90406
90407
90408
90409
90410
90411
90501
90502
90503
90504
90505
90506
90507
90508
90509
90510
90601
90602
90603
90604
90605
90606
90607
90608
90609
90610
90620
90621
90622
90623
90624
90630
90631
90632
90633
90637
90638
90639
90640
90650
90651
90652
90660
90661
90662
90670
90671
90680
90701
90702
90703
90706
90707
90710
90711
90712
90713
90714
90715
90716
90717
90720
90721
90723
90731
90732
90733
90734
90740
90742
90743
90744
90745
90746
90747
90748
90749
90755
90801
90802
90803
90804
90805
90806
90807
90808
90809
90810
90813
90814
90815
90822
90831
90832
90833
90834
90835
90840
90842
90844
90846
90847
90848
90853
90895
90899
91001
91003
91006
91007
91008
91009
91010
91011
91012
91016
91017
91020
91021
91023
91024
91025
91030
91031
91040
91041
91042
91043
91046
91066
91077
91101
91102
91103
91104
91105
91106
91107
91108
91109
91110
91114
91115
91116
91117
91118
91121
91123
91124
91125
91126
91129
91182
91184
91185
91188
91189
91199
91201
91202
91203
91204
91205
91206
91207
91208
91209
91210
91214
91221
91222
91224
91225
91226
91301
91302
91303
91304
91305
91306
91307
91308
91309
91311
91313
91316
91319
91320
91321
91322
91324
91325
91326
91327
91328
91329
91330
91331
91333
91334
91335
91337
91340
91341
91342
91343
91344
91345
91346
91350
91351
91352
91353
91354
91355
91356
91357
91358
91359
91360
91361
91362
91364
91365
91367
91371
91372
91376
91377
91380
91381
91382
91383
91385
91386
91387
91392
91393
91394
91395
91396
91401
91402
91403
91404
91405
91406
91407
91408
91409
91410
91411
91412
91413
91416
91423
91426
91436
91470
91482
91495
91496
91499
91501
91502
91503
91504
91505
91506
91507
91508
91510
91521
91522
91523
91526
91601
91602
91603
91604
91605
91606
91607
91608
91609
91610
91611
91612
91614
91615
91616
91617
91618
91701
91702
91706
91708
91709
91710
91711
91714
91715
91716
91722
91723
91724
91729
91730
91731
91732
91733
91734
91735
91737
91740
91741
91743
91744
91745
91746
91747
91748
91749
91750
91752
91754
91755
91756
91758
91761
91762
91763
91764
91765
91766
91767
91768
91769
91770
91771
91772
91773
91775
91776
91778
91780
91784
91785
91786
91788
91789
91790
91791
91792
91793
91801
91802
91803
91804
91896
91899
91901
91902
91903
91908
91909
91910
91911
91912
91913
91914
91915
91917
91921
91932
91933
91935
91941
91942
91943
91944
91945
91946
91950
91951
91976
91977
91978
91979
92003
92007
92008
92009
92010
92011
92013
92014
92018
92019
92020
92021
92022
92023
92024
92025
92026
92027
92028
92029
92030
92033
92037
92038
92039
92040
92046
92049
92051
92052
92054
92055
92056
92057
92058
92059
92060
92061
92064
92065
92067
92068
92069
92071
92072
92074
92075
92078
92079
92081
92082
92083
92084
92085
92088
92091
92092
92093
92096
92101
92102
92103
92104
92105
92106
92107
92108
92109
92110
92111
92112
92113
92114
92115
92116
92117
92118
92119
92120
92121
92122
92123
92124
92126
92127
92128
92129
92130
92131
92132
92134
92135
92136
92137
92138
92139
92140
92142
92143
92145
92147
92149
92150
92152
92153
92154
92155
92158
92159
92160
92161
92163
92165
92166
92167
92168
92169
92170
92171
92172
92173
92174
92175
92176
92177
92178
92179
92182
92186
92187
92190
92191
92192
92193
92195
92196
92197
92198
92199
92301
92305
92307
92308
92311
92312
92314
92315
92317
92321
92322
92325
92327
92329
92333
92340
92341
92342
92344
92345
92346
92347
92352
92356
92358
92368
92369
92371
92372
92377
92378
92382
92385
92386
92391
92392
92393
92394
92395
92397
92401
92402
92403
92404
92405
92406
92407
92410
92411
92413
92415
92418
92427
92503
92505
92513
92515
92562
92563
92564
92589
92590
92591
92592
92593
92595
92602
92603
92604
92605
92606
92607
92609
92610
92612
92614
92615
92616
92617
92618
92619
92620
92623
92624
92625
92626
92627
92628
92629
92630
92637
92646
92647
92648
92649
92650
92651
92652
92653
92654
92655
92656
92657
92658
92659
92660
92661
92662
92663
92672
92673
92674
92675
92676
92677
92678
92679
92683
92684
92685
92688
92690
92691
92692
92693
92694
92697
92698
92701
92702
92703
92704
92705
92706
92707
92708
92711
92712
92728
92735
92780
92781
92782
92799
92801
92802
92803
92804
92805
92806
92807
92808
92809
92811
92812
92814
92815
92816
92817
92821
92822
92823
92825
92831
92832
92833
92834
92835
92836
92837
92838
92840
92841
92842
92843
92844
92845
92846
92850
92856
92857
92859
92860
92861
92862
92863
92864
92865
92866
92867
92868
92869
92870
92871
92877
92878
92879
92880
92881
92882
92883
92885
92886
92887
92899
93020
93021
93062
93063
93064
93065
93094
93099
93202
93230
93232
93242
93602
93606
93607
93609
93611
93612
93613
93615
93616
93618
93619
93625
93626
93627
93630
93631
93636
93637
93638
93639
93646
93647
93648
93649
93650
93651
93652
93654
93656
93657
93660
93662
93666
93667
93668
93673
93701
93702
93703
93704
93705
93706
93707
93708
93709
93710
93711
93712
93714
93715
93716
93717
93718
93720
93721
93722
93723
93724
93725
93726
93727
93728
93729
93730
93737
93740
93741
93744
93745
93747
93750
93755
93760
93761
93764
93765
93771
93772
93773
93774
93775
93776
93777
93778
93779
93786
93790
93791
93792
93793
93794
93844
93888
94503
94508
94515
94558
94559
94562
94567
94573
94574
94576
94581
94599
94922
94923
94926
94927
94928
94929
94931
94933
94937
94938
94940
94945
94946
94947
94948
94949
94950
94951
94952
94953
94954
94955
94956
94963
94971
94972
94973
94975
94998
94999
95401
95402
95403
95404
95405
95406
95407
95409
95416
95419
95421
95426
95430
95431
95433
95436
95439
95441
95442
95444
95446
95448
95452
95461
95462
95465
95467
95471
95472
95473
95476
95486
95487
95492
97002
97003
97004
97005
97006
97007
97008
97009
97010
97013
97015
97017
97018
97019
97020
97022
97023
97024
97027
97030
97032
97034
97035
97036
97038
97042
97045
97051
97053
97054
97055
97056
97060
97062
97068
97070
97071
97075
97076
97077
97078
97080
97086
97089
97106
97109
97111
97113
97114
97115
97116
97117
97119
97123
97124
97125
97127
97132
97133
97137
97140
97148
97201
97202
97203
97204
97205
97206
97207
97208
97209
97210
97211
97212
97213
97214
97215
97216
97217
97218
97219
97220
97221
97222
97223
97224
97225
97227
97228
97229
97230
97231
97232
97233
97236
97238
97239
97240
97242
97256
97258
97266
97267
97268
97269
97280
97281
97282
97283
97286
97290
97291
97292
97293
97294
97296
97298
98601
98604
98606
98607
98622
98629
98642
98660
98661
98662
98663
98664
98665
98666
98668
98671
98674
98675
98682
98683
98684
98685
98686
98687