00501
00544
01001
01002
01003
01004
01007
01008
01009
01010
01011
01012
01013
01014
01020
01021
01022
01026
01027
01028
01030
01032
01033
01034
01035
01036
01038
01039
01040
01041
01050
01053
01054
01056
01057
01059
01060
01061
01062
01063
01066
01069
01070
01071
01072
01073
01075
01077
01079
01080
01081
01082
01084
01085
01086
01088
01089
01090
01093
01095
01096
01097
01098
01101
01102
01103
01104
01105
01106
01107
01108
01109
01111
01115
01116
01118
01119
01128
01129
01138
01139
01144
01151
01152
01199
01243
01301
01302
01330
01337
01338
01339
01340
01341
01342
01344
01346
01347
01349
01350
01351
01354
01355
01360
01364
01367
01370
01373
01375
01376
01378
01379
01380
01431
01432
01434
01450
01460
01463
01464
01469
01470
01471
01472
01474
01521
01701
01702
01703
01704
01705
01718
01719
01720
01721
01730
01731
01741
01742
01746
01748
01749
01752
01754
01760
01770
01773
01775
01776
01778
01784
01801
01803
01805
01807
01810
01812
01813
01815
01821
01822
01824
01826
01827
01830
01831
01832
01833
01834
01835
01840
01841
01842
01843
01844
01845
01850
01851
01852
01853
01854
01860
01862
01863
01864
01865
01866
01867
01876
01879
01880
01885
01886
01887
01888
01889
01890
01899
01901
01902
01903
01904
01905
01906
01907
01908
01910
01913
01915
01921
01922
01923
01929
01930
01931
01936
01937
01938
01940
01944
01945
01949
01950
01951
01952
01960
01961
01965
01966
01969
01970
01971
01982
01983
01984
01985
02018
02019
02020
02021
02025
02026
02027
02030
02032
02035
02038
02040
02041
02043
02044
02045
02047
02048
02050
02051
02052
02053
02054
02055
02056
02059
02060
02061
02062
02065
02066
02067
02070
02071
02072
02081
02090
02093
02138
02139
02140
02141
02142
02143
02144
02145
02148
02149
02153
02155
02156
02169
02170
02171
02176
02180
02184
02185
02186
02187
02188
02189
02190
02191
02238
02269
02301
02302
02303
02304
02305
02322
02324
02325
02327
02330
02331
02332
02333
02334
02337
02338
02339
02340
02341
02343
02344
02345
02346
02347
02348
02349
02350
02351
02355
02356
02357
02358
02359
02360
02361
02362
02364
02366
02367
02368
02370
02375
02379
02381
02382
02420
02421
02445
02446
02447
02451
02452
02453
02454
02455
02456
02457
02458
02459
02460
02461
02462
02464
02465
02466
02467
02468
02471
02472
02474
02475
02476
02477
02478
02479
02481
02482
02492
02493
02494
02495
02538
02558
02571
02576
02702
02703
02712
02714
02715
02717
02718
02719
02720
02721
02722
02723
02724
02725
02726
02738
02739
02740
02741
02742
02743
02744
02745
02746
02747
02748
02760
02761
02762
02763
02764
02766
02767
02768
02769
02770
02771
02777
02779
02780
02783
02790
02791
03031
03032
03033
03034
03036
03037
03038
03040
03041
03042
03043
03044
03045
03046
03047
03048
03049
03051
03052
03053
03054
03055
03057
03060
03061
03062
03063
03064
03070
03071
03073
03076
03077
03079
03082
03084
03086
03087
03101
03102
03103
03104
03105
03106
03107
03108
03109
03110
03111
03215
03216
03217
03218
03220
03221
03222
03223
03224
03225
03226
03227
03229
03230
03231
03233
03234
03235
03237
03238
03240
03241
03242
03243
03244
03245
03246
03247
03249
03251
03252
03253
03254
03255
03256
03257
03258
03259
03260
03261
03262
03263
03264
03266
03268
03269
03272
03273
03274
03275
03276
03278
03279
03280
03281
03282
03284
03285
03287
03289
03290
03291
03293
03298
03299
03301
03302
03303
03304
03305
03307
03431
03435
03440
03441
03442
03443
03444
03445
03446
03447
03448
03449
03450
03451
03452
03455
03456
03457
03458
03461
03462
03464
03465
03466
03467
03468
03469
03470
03561
03570
03574
03575
03576
03579
03580
03581
03582
03583
03584
03585
03586
03588
03589
03590
03592
03593
03595
03597
03598
03601
03602
03603
03604
03605
03607
03608
03609
03740
03741
03743
03745
03746
03748
03749
03750
03751
03752
03753
03754
03755
03756
03765
03766
03768
03769
03770
03771
03773
03774
03777
03779
03780
03781
03782
03784
03785
03801
03802
03803
03804
03805
03809
03810
03811
03812
03813
03814
03815
03816
03817
03818
03819
03820
03821
03822
03823
03824
03825
03826
03827
03830
03832
03833
03835
03836
03837
03838
03839
03840
03841
03842
03843
03844
03845
03846
03847
03848
03849
03850
03851
03852
03853
03854
03855
03856
03857
03858
03859
03860
03861
03862
03864
03865
03866
03867
03868
03869
03870
03871
03872
03873
03874
03875
03878
03882
03883
03884
03885
03886
03887
03890
03894
03896
03897
05501
05544
06001
06002
06006
06010
06011
06013
06016
06018
06019
06020
06021
06022
06023
06024
06025
06026
06027
06028
06029
06030
06031
06032
06033
06034
06035
06037
06039
06040
06041
06042
06043
06045
06050
06051
06052
06053
06057
06058
06059
06060
06061
06062
06063
06064
06065
06066
06067
06068
06069
06070
06071
06072
06073
06074
06075
06076
06077
06078
06079
06080
06081
06082
06083
06084
06085
06087
06088
06089
06090
06091
06092
06093
06094
06095
06096
06098
06101
06102
06103
06104
06105
06106
06107
06108
06109
06110
06111
06112
06114
06115
06117
06118
06119
06120
06123
06126
06127
06128
06129
06131
06132
06133
06134
06137
06138
06140
06141
06142
06143
06144
06145
06146
06147
06150
06151
06152
06153
06154
06155
06156
06160
06161
06167
06176
06180
06183
06199
06226
06230
06231
06232
06233
06234
06235
06237
06238
06239
06241
06242
06243
06244
06245
06246
06247
06248
06249
06250
06251
06254
06255
06256
06258
06259
06260
06262
06263
06264
06265
06266
06267
06268
06269
06277
06278
06279
06280
06281
06282
06320
06330
06331
06332
06333
06334
06335
06336
06338
06339
06340
06349
06350
06351
06353
06354
06355
06357
06359
06360
06365
06370
06371
06372
06373
06374
06375
06376
06377
06378
06379
06380
06382
06383
06384
06385
06387
06388
06389
06390
06401
06403
06404
06405
06408
06409
06410
06411
06412
06413
06414
06415
06416
06417
06418
06419
06420
06422
06423
06424
06426
06437
06438
06439
06440
06441
06442
06443
06444
06447
06450
06451
06455
06456
06457
06459
06460
06461
06467
06468
06469
06470
06471
06472
06473
06474
06475
06477
06478
06479
06480
06481
06482
06483
06484
06487
06488
06489
06491
06492
06493
06494
06495
06498
06501
06502
06503
06504
06505
06506
06507
06508
06509
06510
06511
06512
06513
06514
06515
06516
06517
06518
06519
06520
06521
06524
06525
06530
06531
06532
06533
06534
06535
06536
06537
06538
06540
06601
06602
06604
06605
06606
06607
06608
06610
06611
06612
06614
06615
06650
06673
06699
06701
06702
06703
06704
06705
06706
06708
06710
06712
06716
06720
06721
06722
06723
06724
06725
06726
06749
06750
06751
06752
06753
06754
06755
06756
06757
06758
06759
06762
06763
06770
06776
06777
06778
06779
06781
06782
06783
06784
06785
06786
06787
06790
06791
06792
06793
06794
06795
06796
06798
06801
06804
06807
06810
06811
06812
06813
06814
06816
06817
06820
06824
06825
06828
06829
06830
06831
06836
06838
06840
06850
06851
06852
06853
06854
06855
06856
06857
06858
06859
06860
06870
06875
06876
06877
06878
06879
06880
06881
06883
06888
06889
06890
06896
06897
06901
06902
06903
06904
06905
06906
06907
06910
06911
06912
06913
06914
06920
06921
06922
06925
06926
06927
06928
07001
07002
07003
07004
07005
07006
07007
07008
07009
07010
07011
07012
07013
07014
07015
07016
07017
07018
07019
07020
07021
07022
07023
07024
07026
07027
07028
07029
07030
07031
07032
07033
07034
07035
07036
07039
07040
07041
07042
07043
07044
07045
07046
07047
07050
07051
07052
07054
07055
07057
07058
07059
07060
07061
07062
07063
07064
07065
07066
07067
07068
07069
07070
07071
07072
07073
07074
07075
07076
07077
07078
07079
07080
07081
07082
07083
07086
07087
07088
07090
07091
07092
07093
07094
07095
07096
07097
07099
07101
07102
07103
07104
07105
07106
07107
07108
07109
07110
07111
07112
07114
07175
07184
07188
07189
07191
07192
07193
07195
07198
07199
07201
07202
07203
07204
07205
07206
07207
07208
07302
07303
07304
07305
07306
07307
07308
07310
07311
07395
07399
07401
07403
07405
07407
07410
07417
07420
07421
07423
07424
07430
07432
07435
07436
07438
07440
07442
07444
07446
07450
07451
07452
07456
07457
07458
07463
07465
07470
07474
07480
07481
07495
07501
07502
07503
07504
07505
07506
07507
07508
07509
07510
07511
07512
07513
07514
07522
07524
07533
07538
07543
07544
07601
07602
07603
07604
07605
07606
07607
07608
07620
07621
07624
07626
07627
07628
07630
07631
07632
07640
07641
07642
07643
07644
07645
07646
07647
07648
07649
07650
07652
07653
07656
07657
07660
07661
07662
07663
07666
07670
07675
07676
07677
07699
07701
07702
07703
07704
07709
07710
07711
07712
07715
07716
07717
07718
07719
07720
07721
07722
07723
07724
07726
07727
07728
07730
07731
07732
07733
07734
07735
07737
07738
07739
07740
07746
07747
07748
07750
07751
07752
07753
07754
07755
07756
07757
07758
07760
07762
07763
07764
07765
07799
07801
07802
07803
07806
07828
07830
07834
07836
07842
07845
07847
07849
07850
07852
07853
07856
07857
07866
07869
07870
07876
07878
07885
07901
07902
07920
07921
07922
07924
07926
07927
07928
07930
07931
07932
07933
07934
07935
07936
07938
07939
07940
07945
07946
07950
07960
07961
07962
07963
07970
07974
07976
07977
07978
07979
07980
07981
07999
08002
08003
08004
08007
08009
08012
08018
08021
08026
08029
08030
08031
08033
08034
08035
08043
08045
08049
08059
08078
08081
08083
08084
08089
08091
08095
08099
08101
08102
08103
08104
08105
08106
08107
08108
08109
08110
08501
08502
08504
08510
08512
08514
08526
08528
08530
08535
08536
08551
08553
08555
08556
08557
08558
08559
08720
08730
08736
08750
08801
08802
08803
08804
08805
08807
08809
08810
08812
08816
08817
08818
08820
08821
08822
08823
08824
08825
08826
08827
08828
08829
08830
08831
08832
08833
08834
08835
08836
08837
08840
08844
08846
08848
08850
08852
08853
08854
08855
08857
08858
08859
08861
08862
08863
08867
08868
08869
08870
08871
08872
08873
08875
08876
08879
08880
08882
08884
08885
08887
08888
08889
08890
08899
08901
08902
08903
08904
08905
08906
08933
08989
10002
10003
10005
10006
10008
10010
10012
10014
10016
10018
10020
10022
10024
10026
10028
10030
10032
10034
10036
10038
10040
10043
10045
10060
10069
10075
10080
10090
10102
10104
10106
10108
10110
10112
10113
10115
10117
10119
10120
10122
10124
10126
10129
10131
10133
10151
10153
10155
10156
10158
10160
10162
10164
10166
10168
10170
10172
10174
10176
10178
10199
10211
10213
10242
10256
10258
10260
10265
10269
10271
10273
10275
10277
10279
10281
10285
10292
10451
10452
10453
10454
10455
10456
10457
10458
10459
10460
10461
10462
10463
10464
10465
10466
10467
10468
10469
10470
10471
10472
10473
10474
10475
10499
10501
10502
10503
10504
10505
10506
10507
10509
10510
10511
10512
10514
10516
10517
10518
10519
10520
10521
10522
10523
10524
10526
10527
10528
10530
10532
10533
10535
10536
10537
10538
10540
10541
10542
10543
10545
10546
10547
10548
10549
10550
10551
10552
10553
10560
10562
10566
10567
10570
10573
10576
10577
10578
10579
10580
10583
10587
10588
10589
10590
10591
10594
10595
10596
10597
10598
10601
10602
10603
10604
10605
10606
10607
10610
10701
10702
10703
10704
10705
10706
10707
10708
10709
10710
10801
10802
10803
10804
10805
10901
10910
10911
10912
10913
10914
10915
10916
10917
10918
10919
10920
10921
10922
10923
10924
10925
10926
10927
10928
10930
10931
10932
10933
10940
10941
10949
10950
10952
10953
10954
10956
10958
10959
10960
10962
10963
10964
10965
10968
10969
10970
10973
10974
10975
10976
10977
10979
10980
10981
10982
10983
10984
10985
10986
10987
10988
10989
10990
10992
10993
10994
10996
10997
10998
11001
11002
11003
11004
11005
11010
11020
11021
11022
11023
11024
11026
11027
11030
11040
11042
11050
11051
11052
11053
11054
11055
11096
11101
11102
11103
11104
11105
11106
11109
11120
11203
11204
11205
11208
11209
11210
11211
11214
11217
11218
11219
11220
11222
11223
11226
11228
11230
11232
11233
11234
11235
11237
11238
11239
11242
11251
11256
11351
11352
11354
11355
11356
11357
11358
11359
11360
11361
11362
11363
11364
11365
11366
11367
11368
11369
11370
11371
11372
11373
11374
11375
11377
11378
11379
11380
11381
11385
11390
11405
11411
11412
11413
11414
11415
11416
11417
11418
11419
11420
11421
11422
11423
11424
11425
11426
11428
11429
11430
11431
11432
11433
11434
11435
11436
11439
11451
11499
11501
11507
11509
11510
11514
11516
11518
11520
11530
11531
11535
11542
11545
11547
11548
11549
11550
11551
11552
11553
11554
11555
11556
11557
11558
11559
11560
11561
11563
11565
11566
11568
11569
11570
11571
11572
11575
11576
11577
11579
11580
11581
11582
11590
11596
11598
11599
11690
11691
11692
11693
11694
11695
11697
11701
11702
11703
11704
11705
11706
11707
11709
11710
11713
11714
11715
11716
11717
11718
11719
11720
11721
11722
11724
11725
11726
11727
11729
11730
11731
11732
11733
11735
11737
11738
11739
11740
11741
11742
11743
11746
11747
11749
11751
11752
11753
11754
11755
11756
11757
11758
11760
11762
11763
11764
11765
11766
11767
11768
11769
11770
11771
11772
11773
11775
11776
11777
11778
11779
11780
11782
11783
11784
11786
11787
11788
11789
11790
11791
11792
11793
11794
11795
11796
11797
11798
11801
11802
11803
11804
11815
11819
11853
11854
11901
11930
11931
11932
11933
11934
11935
11937
11939
11940
11941
11942
11944
11946
11947
11948
11949
11950
11951
11952
11953
11954
11955
11956
11957
11958
11959
11960
11961
11962
11963
11964
11965
11967
11968
11969
11970
11971
11972
11973
11975
11976
11977
11978
11980
12015
12017
12029
12037
12042
12050
12051
12058
12060
12075
12083
12087
12106
12115
12124
12125
12130
12132
12136
12165
12172
12173
12174
12176
12184
12192
12195
12405
12407
12413
12414
12418
12422
12423
12424
12427
12431
12436
12439
12442
12444
12450
12451
12452
12454
12460
12463
12468
12470
12473
12482
12485
12492
12496
12502
12503
12513
12516
12517
12518
12520
12521
12523
12526
12529
12530
12534
12541
12543
12544
12549
12550
12551
12552
12553
12555
12563
12565
12566
12575
12577
12584
12586
12701
12719
12720
12721
12722
12723
12724
12725
12726
12727
12729
12732
12733
12734
12736
12737
12738
12740
12741
12742
12743
12745
12746
12747
12748
12749
12750
12751
12752
12754
12758
12759
12760
12762
12763
12764
12765
12766
12767
12768
12769
12770
12771
12775
12776
12777
12778
12779
12780
12781
12783
12784
12785
12786
12787
12788
12789
12790
12791
12792
15006
15007
15014
15015
15018
15024
15028
15030
15032
15035
15044
15046
15049
15051
15056
15065
15071
15076
15082
15084
15088
15090
15095
15101
15102
15106
15110
15116
15120
15123
15127
15129
15132
15134
15136
15139
15140
15142
15144
15145
15146
15147
15201
15202
15203
15204
15206
15207
15209
15210
15212
15213
15214
15215
15216
15217
15219
15221
15223
15224
15225
15227
15229
15230
15232
15234
15235
15237
15238
15239
15240
15242
15244
15251
15253
15255
15258
15260
15262
15265
15268
15272
15275
15277
15279
15282
15286
15290
18041
18054
18070
18073
18074
18076
18084
18915
18918
18924
18936
18957
18958
18964
18969
18971
18979
19001
19002
19003
19004
19006
19009
19012
19019
19020
19025
19027
19031
19034
19035
19038
19040
19041
19044
19046
19066
19072
19075
19090
19092
19093
19095
19096
19099
19101
19102
19103
19104
19105
19106
19107
19108
19109
19110
19111
19112
19114
19115
19116
19118
19119
19120
19121
19122
19123
19124
19125
19126
19127
19128
19129
19130
19131
19132
19133
19134
19135
19136
19137
19138
19139
19140
19141
19142
19143
19144
19145
19146
19147
19148
19149
19150
19151
19152
19153
19154
19155
19160
19161
19162
19170
19171
19172
19173
19175
19176
19177
19178
19179
19181
19182
19183
19184
19185
19187
19188
19190
19191
19192
19193
19194
19195
19196
19197
19244
19255
19301
19310
19311
19312
19316
19318
19320
19330
19333
19335
19341
19343
19344
19345
19346
19347
19348
19350
19351
19352
19353
19354
19355
19357
19358
19360
19362
19363
19365
19366
19367
19369
19371
19372
19374
19375
19376
19380
19381
19382
19383
19388
19390
19395
19397
19398
19399
19401
19403
19404
19405
19406
19407
19408
19409
19415
19420
19421
19422
19423
19424
19425
19426
19428
19429
19430
19432
19435
19436
19437
19438
19440
19441
19442
19443
19444
19446
19450
19451
19453
19454
19455
19456
19457
19460
19462
19464
19465
19468
19470
19472
19473
19474
19475
19477
19478
19480
19481
19482
19484
19485
19486
19490
19492
19493
19494
19495
19496
19520
19525
20101
20102
20103
20104
20105
20106
20115
20116
20117
20118
20119
20120
20121
20122
20124
20128
20129
20130
20131
20132
20134
20135
20137
20138
20139
20140
20141
20142
20144
20146
20147
20148
20149
20151
20152
20153
20158
20159
20160
20163
20164
20165
20166
20167
20170
20171
20172
20175
20176
20177
20178
20180
20184
20185
20186
20187
20188
20189
20190
20191
20192
20194
20195
20196
20197
20198
20598
20810
20811
20812
20813
20814
20815
20816
20817
20818
20824
20825
20827
20830
20832
20833
20837
20838
20839
20841
20842
20847
20848
20849
20850
20851
20852
20853
20854
20855
20857
20859
20860
20861
20862
20866
20868
20871
20872
20874
20875
20876
20877
20878
20879
20880
20882
20883
20884
20885
20886
20889
20891
20892
20894
20895
20896
20897
20898
20899
20901
20902
20903
20904
20905
20906
20907
20908
20910
20911
20912
20913
20914
20915
20916
20918
20993
20997
22003
22009
22015
22027
22031
22032
22033
22034
22035
22036
22037
22039
22041
22042
22043
22044
22060
22066
22067
22079
22081
22082
22095
22096
22101
22102
22103
22106
22107
22108
22109
22116
22118
22119
22121
22122
22124
22150
22151
22152
22153
22156
22158
22159
22160
22161
22180
22181
22182
22183
22185
22199
22303
22306
22307
22308
22309
22310
22312
22315
22601
22602
22603
22604
22610
22611
22620
22622
22623
22624
22625
22626
22627
22630
22637
22639
22640
22641
22642
22643
22644
22645
22646
22649
22650
22652
22654
22655
22656
22657
22660
22663
22664
22701
22709
22711
22712
22713
22714
22715
22716
22718
22719
22720
22722
22723
22724
22725
22726
22727
22728
22729
22730
22731
22732
22733
22734
22735
22736
22737
22738
22739
22740
22741
22742
22743
22746
22747
22748
22749
22810
22824
22835
22842
22844
22845
22847
22849
22851
22948
22989
23320
23321
23322
23323
23324
23325
23326
23327
23328
23450
23451
23452
23453
23454
23455
23456
23457
23458
23459
23460
23461
23462
23463
23464
23465
23466
23467
23471
23479
23501
23502
23503
23504
23505
23506
23507
23508
23509
23510
23511
23512
23513
23514
23515
23517
23518
23519
23520
23521
23523
23529
23541
23551
23701
23702
23703
23704
23705
23707
23708
23709
27502
27511
27512
27513
27518
27519
27523
27526
27529
27539
27540
27545
27560
27562
27571
27587
27588
27591
27592
27597
27601
27602
27603
27604
27605
27606
27607
27608
27609
27610
27611
27612
27613
27614
27615
27616
27617
27619
27620
27621
27622
27623
27624
27625
27626
27627
27628
27629
27634
27635
27636
27640
27650
27656
27658
27661
27668
27675
27676
27690
27695
27697
27698
27699
29001
29002
29003
29006
29009
29010
29014
29015
29016
29018
29020
29021
29030
29031
29032
29033
29036
29037
29038
29039
29040
29041
29042
29044
29045
29046
29047
29048
29051
29052
29053
29054
29055
29056
29058
29059
29061
29062
29063
29065
29067
29069
29070
29071
29072
29073
29074
29075
29078
29079
29080
29081
29101
29102
29104
29105
29107
29108
29111
29112
29113
29114
29115
29116
29117
29118
29122
29123
29125
29126
29127
29128
29129
29130
29132
29133
29135
29137
29138
29142
29143
29145
29146
29147
29148
29150
29151
29152
29153
29154
29160
29161
29162
29163
29164
29166
29168
29169
29170
29171
29172
29175
29177
29178
29180
29201
29202
29203
29204
29205
29206
29207
29208
29209
29210
29211
29212
29214
29215
29216
29217
29218
29219
29220
29221
29222
29223
29224
29225
29226
29227
29228
29229
29230
29240
29250
29260
29290
29292
29301
29302
29303
29304
29305
29306
29307
29316
29318
29319
29320
29321
29322
29323
29324
29325
29329
29330
29331
29332
29333
29334
29335
29336
29338
29340
29341
29342
29346
29348
29349
29351
29353
29355
29356
29360
29364
29365
29368
29369
29370
29372
29373
29374
29375
29376
29377
29378
29379
29384
29385
29386
29388
29395
29430
29431
29432
29434
29436
29440
29442
29450
29453
29456
29461
29468
29469
29476
29479
29501
29502
29503
29504
29505
29506
29510
29512
29516
29518
29520
29525
29530
29532
29536
29540
29541
29543
29547
29550
29551
29554
29555
29556
29560
29563
29564
29565
29567
29570
29580
29583
29584
29585
29590
29591
29593
29594
29596
29620
29621
29622
29623
29624
29625
29626
29627
29628
29630
29631
29632
29633
29634
29638
29639
29640
29641
29642
29645
29654
29655
29656
29657
29659
29667
29669
29670
29671
29677
29682
29684
29685
29689
29697
29702
29703
29704
29706
29707
29708
29709
29710
29712
29714
29715
29716
29717
29718
29720
29721
29722
29724
29726
29727
29728
29729
29730
29731
29732
29733
29734
29741
29742
29743
29744
29745
29801
29802
29803
29804
29805
29808
29809
29810
29812
29813
29816
29817
29821
29822
29824
29826
29827
29828
29829
29831
29832
29834
29835
29836
29838
29839
29840
29841
29842
29843
29844
29845
29846
29847
29849
29850
29851
29853
29856
29860
29861
29899
29911
29913
29916
29918
29921
29922
29923
29924
29932
29933
29939
29944
29945
30003
30005
30006
30007
30008
30009
30010
30011
30012
30013
30014
30015
30016
30017
30018
30019
30021
30022
30023
30024
30025
30026
30028
30029
30031
30035
30037
30039
30040
30041
30042
30043
30044
30045
30046
30047
30048
30049
30052
30054
30055
30056
30060
30061
30062
30063
30064
30065
30066
30067
30068
30069
30070
30071
30072
30074
30075
30077
30078
30080
30081
30082
30083
30085
30087
30090
30091
30092
30093
30094
30095
30096
30097
30098
30099
30101
30102
30103
30104
30105
30106
30107
30108
30109
30110
30111
30112
30113
30114
30115
30116
30117
30118
30119
30120
30121
30122
30123
30124
30125
30126
30127
30129
30132
30133
30134
30135
30137
30138
30139
30140
30141
30142
30143
30144
30145
30146
30147
30148
30149
30150
30151
30152
30153
30154
30156
30157
30160
30161
30162
30163
30164
30165
30168
30169
30170
30171
30172
30173
30175
30176
30177
30178
30179
30180
30182
30183
30184
30185
30187
30188
30189
30204
30205
30206
30212
30213
30214
30215
30216
30217
30218
30219
30220
30222
30223
30224
30228
30229
30230
30233
30234
30236
30237
30238
30240
30241
30248
30250
30251
30252
30253
30256
30257
30258
30259
30260
30261
30263
30264
30265
30266
30268
30269
30270
30271
30273
30274
30275
30276
30277
30281
30284
30285
30286
30287
30288
30289
30290
30291
30292
30293
30295
30296
30297
30298
30301
30302
30303
30305
30306
30307
30308
30309
30311
30312
30313
30314
30315
30318
30319
30320
30321
30324
30325
30327
30328
30329
30330
30331
30332
30336
30337
30339
30340
30342
30343
30344
30345
30348
30349
30350
30353
30354
30356
30357
30358
30361
30362
30363
30364
30369
30370
30371
30374
30375
30377
30378
30380
30384
30388
30394
30396
30398
30401
30410
30411
30412
30413
30414
30415
30417
30420
30421
30423
30424
30425
30426
30427
30428
30429
30434
30436
30438
30439
30441
30442
30445
30446
30447
30448
30449
30450
30451
30452
30453
30454
30455
30456
30457
30458
30459
30460
30461
30464
30467
30470
30471
30473
30474
30475
30477
30499
30501
30502
30503
30504
30506
30507
30510
30511
30512
30513
30514
30515
30516
30517
30518
30519
30520
30521
30522
30523
30525
30527
30528
30529
30530
30531
30533
30534
30535
30536
30537
30538
30539
30540
30541
30542
30543
30545
30546
30547
30548
30549
30552
30553
30554
30555
30557
30558
30559
30560
30562
30563
30564
30565
30566
30567
30568
30571
30572
30573
30575
30576
30577
30580
30581
30582
30597
30598
30599
30601
30602
30603
30604
30605
30606
30607
30608
30609
30612
30619
30620
30621
30622
30623
30624
30625
30627
30628
30629
30630
30631
30633
30634
30635
30638
30639
30641
30642
30643
30645
30646
30647
30648
30650
30655
30656
30660
30662
30663
30664
30665
30666
30667
30668
30669
30671
30673
30677
30678
30680
30683
30701
30703
30705
30707
30708
30710
30711
30719
30720
30721
30722
30724
30725
30726
30728
30730
30731
30732
30733
30734
30735
30736
30738
30739
30740
30741
30742
30746
30747
30750
30751
30752
30753
30755
30756
30757
30802
30803
30805
30806
30807
30808
30809
30810
30811
30812
30813
30814
30815
30816
30817
30818
30819
30820
30821
30822
30823
30824
30828
30830
30833
30901
30903
30904
30905
30906
30907
30909
30912
30914
30916
30917
30919
30999
31001
31002
31003
31004
31005
31006
31007
31008
31009
31010
31011
31012
31013
31014
31015
31016
31017
31018
31019
31020
31021
31022
31023
31024
31025
31026
31027
31028
31029
31030
31031
31032
31033
31034
31035
31036
31037
31039
31040
31041
31042
31044
31045
31046
31047
31049
31050
31051
31052
31054
31055
31057
31058
31059
31060
31061
31062
31063
31065
31066
31067
31068
31069
31070
31071
31072
31075
31076
31077
31078
31079
31081
31082
31083
31084
31086
31087
31088
31089
31090
31091
31092
31093
31094
31095
31096
31097
31098
31099
31106
31107
31131
31136
31139
31144
31145
31150
31156
31169
31192
31193
31195
31196
31201
31202
31203
31204
31205
31206
31207
31208
31209
31210
31211
31212
31213
31216
31217
31220
31221
31294
31295
31296
31297
31301
31302
31303
31304
31305
31307
31308
31309
31310
31312
31313
31314
31315
31316
31318
31319
31320
31321
31322
31323
31324
31326
31327
31328
31329
31331
31333
31401
31402
31403
31404
31405
31406
31407
31408
31409
31410
31411
31412
31414
31415
31416
31418
31419
31420
31421
31501
31502
31503
31510
31512
31513
31515
31516
31518
31519
31520
31521
31522
31523
31524
31525
31527
31532
31533
31534
31535
31537
31539
31542
31543
31544
31545
31546
31547
31548
31549
31550
31551
31552
31553
31554
31555
31556
31557
31558
31560
31561
31562
31563
31564
31565
31566
31567
31568
31569
31598
31599
31601
31602
31603
31604
31605
31606
31620
31622
31623
31624
31625
31626
31627
31629
31630
31631
31632
31634
31635
31636
31637
31638
31639
31641
31642
31643
31645
31647
31648
31649
31650
31698
31699
31701
31702
31703
31704
31705
31706
31707
31708
31709
31711
31712
31714
31716
31719
31720
31721
31722
31727
31730
31733
31735
31738
31739
31743
31744
31747
31749
31750
31753
31756
31757
31758
31760
31763
31764
31765
31768
31769
31771
31772
31773
31774
31775
31776
31778
31779
31780
31781
31782
31783
31784
31787
31788
31789
31790
31791
31792
31793
31794
31795
31796
31798
31799
31801
31803
31804
31805
31806
31807
31808
31810
31811
31812
31814
31815
31816
31820
31821
31822
31823
31824
31825
31826
31827
31829
31830
31831
31832
31833
31836
31901
31902
31903
31904
31905
31906
31907
31908
31909
31914
31917
31993
31995
31997
31998
31999
32422
32433
32434
32435
32439
32459
32461
32531
32536
32538
32550
32701
32703
32704
32707
32708
32709
32710
32712
32714
32715
32716
32718
32719
32730
32732
32733
32745
32746
32747
32750
32751
32752
32762
32765
32766
32768
32771
32772
32773
32776
32777
32779
32789
32790
32791
32792
32793
32794
32795
32798
32799
32801
32802
32803
32804
32805
32806
32807
32808
32809
32810
32811
32812
32814
32816
32817
32818
32819
32820
32821
32822
32824
32825
32826
32827
32828
32829
32830
32831
32832
32833
32834
32835
32836
32837
32839
32853
32854
32855
32856
32857
32858
32859
32860
32861
32862
32867
32868
32869
32872
32877
32878
32885
32886
32887
32891
32896
32897
33002
33011
33014
33015
33017
33030
33032
33033
33034
33035
33039
33055
33056
33102
33122
33126
33127
33138
33144
33150
33151
33152
33153
33156
33157
33162
33164
33165
33166
33168
33169
33170
33172
33173
33174
33175
33176
33177
33178
33179
33181
33182
33183
33184
33186
33188
33189
33190
33193
33194
33196
33238
33242
33247
33261
33266
33269
33401
33402
33403
33404
33405
33406
33407
33408
33409
33410
33411
33412
33413
33414
33415
33416
33417
33418
33419
33420
33421
33422
33424
33425
33426
33427
33428
33429
33430
33431
33432
33433
33434
33435
33436
33437
33438
33444
33445
33446
33448
33449
33454
33458
33459
33460
33461
33462
33463
33464
33465
33466
33467
33468
33469
33470
33472
33473
33474
33476
33477
33478
33480
33481
33482
33483
33484
33486
33487
33488
33493
33496
33497
33498
33499
33503
33508
33509
33510
33511
33523
33524
33525
33526
33527
33530
33534
33537
33539
33540
33541
33542
33543
33544
33545
33547
33548
33549
33550
33556
33558
33559
33563
33564
33565
33566
33567
33568
33569
33570
33571
33572
33573
33574
33575
33576
33578
33579
33583
33584
33586
33587
33592
33593
33594
33595
33596
33597
33598
33601
33602
33603
33604
33605
33606
33607
33608
33609
33610
33611
33612
33613
33614
33615
33616
33617
33618
33619
33620
33621
33622
33623
33624
33625
33626
33629
33630
33631
33633
33634
33635
33637
33646
33647
33650
33655
33660
33661
33662
33663
33664
33672
33673
33674
33675
33677
33679
33680
33681
33682
33684
33685
33686
33687
33688
33689
33694
33701
33702
33703
33704
33705
33706
33707
33708
33709
33710
33711
33712
33713
33714
33715
33716
33729
33730
33731
33732
33733
33734
33736
33737
33738
33740
33741
33742
33743
33744
33747
33755
33756
33757
33758
33759
33760
33761
33762
33763
33764
33765
33766
33767
33769
33770
33771
33772
33773
33774
33775
33776
33777
33778
33779
33780
33781
33782
33784
33785
33786
34601
34602
34603
34604
34605
34606
34607
34608
34609
34610
34611
34613
34614
34636
34637
34638
34639
34652
34653
34654
34655
34656
34660
34661
34667
34668
34669
34673
34674
34677
34679
34680
34681
34682
34683
34684
34685
34688
34689
34690
34691
34692
34695
34697
34698
34734
34736
34740
34760
34761
34777
34778
34786
34787
36003
36006
36008
36013
36020
36022
36024
36025
36036
36043
36045
36046
36051
36052
36054
36057
36064
36065
36066
36067
36068
36069
36078
36080
36092
36093
36101
36102
36103
36104
36105
36106
36107
36108
36109
36110
36111
36112
36113
36114
36115
36116
36117
36118
36119
36120
36121
36123
36124
36125
36130
36131
36132
36133
36134
36135
36140
36141
36142
36177
36191
36749
37302
37304
37308
37310
37311
37312
37315
37320
37323
37340
37341
37343
37347
37350
37351
37353
37363
37364
37373
37374
37377
37379
37380
37384
37396
37401
37402
37403
37404
37405
37406
37407
37408
37409
37410
37411
37412
37414
37415
37416
37419
37421
37422
37424
37450
39813
39815
39817
39818
39819
39823
39824
39825
39826
39827
39828
39829
39832
39834
39836
39837
39840
39841
39842
39845
39846
39851
39852
39854
39859
39861
39862
39866
39867
39870
39877
39885
39886
39897
39901
40004
40008
40009
40012
40013
40020
40033
40037
40040
40048
40049
40051
40052
40060
40061
40062
40063
40069
40078
40107
40328
40336
40385
40391
40392
40403
40404
40405
40472
40475
40476
40509
40513
40515
42716
42748
42757
42764
43002
43004
43016
43017
43026
43054
43068
43069
43081
43085
43086
43109
43110
43119
43123
43125
43126
43137
43194
43195
43199
43201
43202
43203
43204
43205
43206
43207
43209
43210
43211
43212
43213
43214
43215
43216
43217
43218
43219
43220
43221
43222
43223
43224
43226
43227
43228
43229
43230
43231
43232
43234
43235
43236
43251
43260
43266
43268
43270
43271
43272
43279
43287
43291
43504
43537
43547
43566
43601
43604
43606
43608
43610
43612
43614
43616
43623
43635
43656
43659
43661
43667
43682
43699
44045
44057
44060
44061
44077
44081
44092
44094
44095
44096
44097
45003
45004
45005
45011
45012
45013
45014
45015
45018
45032
45034
45036
45039
45040
45042
45043
45044
45050
45053
45054
45055
45056
45061
45062
45063
45064
45065
45066
45067
45068
45069
45070
45071
45101
45102
45103
45106
45112
45115
45118
45119
45120
45121
45122
45130
45131
45140
45147
45150
45152
45153
45154
45156
45157
45158
45160
45162
45167
45168
45171
45176
45245
45301
45305
45307
45311
45314
45316
45320
45321
45324
45330
45335
45338
45347
45370
45378
45381
45382
45384
45385
45387
45431
45432
45433
45434
45435
46301
46302
46303
46304
46307
46308
46311
46312
46319
46320
46321
46322
46323
46324
46325
46327
46341
46342
46347
46355
46356
46368
46373
46375
46376
46377
46383
46384
46385
46393
46394
46401
46402
46403
46404
46405
46406
46407
46408
46409
46410
46411
46502
46508
46510
46524
46538
46539
46542
46555
46562
46567
46580
46581
46582
46590
46701
46702
46704
46705
46706
46710
46711
46713
46714
46721
46723
46725
46730
46731
46732
46733
46738
46740
46741
46743
46745
46748
46750
46755
46759
46760
46763
46764
46765
46766
46767
46769
46770
46772
46773
46774
46777
46778
46780
46781
46782
46783
46784
46785
46787
46788
46791
46792
46793
46794
46796
46797
46798
46799
46801
46802
46803
46804
46805
46806
46807
46808
46809
46814
46815
46816
46818
46819
46825
46835
46845
46850
46851
46852
46853
46854
46855
46856
46857
46858
46859
46860
46861
46862
46863
46864
46865
46866
46867
46868
46869
46885
46895
46896
46897
46898
46899
46901
46902
46903
46904
46910
46911
46912
46914
46919
46921
46922
46926
46928
46930
46931
46933
46935
46936
46937
46938
46939
46940
46941
46943
46945
46946
46951
46952
46953
46957
46958
46959
46962
46965
46970
46971
46974
46975
46979
46980
46982
46984
46986
46987
46989
46990
46991
46992
46995
47326
47336
47348
47359
47369
47371
47373
47381
48005
48007
48009
48012
48015
48017
48021
48025
48026
48030
48033
48034
48035
48036
48037
48038
48042
48043
48044
48045
48046
48047
48048
48050
48051
48062
48065
48066
48067
48068
48069
48070
48071
48072
48073
48075
48076
48080
48081
48082
48083
48084
48085
48086
48088
48089
48090
48091
48092
48093
48094
48095
48096
48098
48099
48101
48103
48104
48105
48106
48107
48108
48109
48110
48111
48112
48113
48114
48115
48116
48117
48118
48120
48121
48122
48123
48124
48125
48126
48127
48128
48130
48131
48133
48134
48135
48136
48137
48138
48139
48140
48141
48143
48144
48145
48146
48150
48151
48152
48153
48154
48157
48158
48159
48160
48161
48162
48164
48165
48166
48167
48168
48169
48170
48173
48174
48175
48176
48177
48178
48179
48180
48182
48183
48184
48185
48186
48187
48188
48189
48190
48191
48192
48193
48195
48197
48198
48201
48202
48203
48204
48205
48206
48207
48208
48209
48210
48211
48212
48213
48214
48215
48216
48217
48218
48219
48220
48221
48222
48223
48224
48225
48226
48227
48228
48229
48230
48231
48232
48233
48234
48235
48236
48237
48238
48239
48240
48242
48243
48244
48255
48260
48264
48265
48266
48267
48268
48269
48272
48275
48277
48278
48279
48288
48301
48302
48303
48304
48306
48307
48308
48309
48310
48311
48312
48313
48314
48315
48316
48317
48318
48320
48321
48322
48323
48324
48325
48326
48327
48328
48329
48330
48331
48332
48333
48334
48335
48336
48340
48341
48342
48343
48346
48347
48348
48350
48353
48356
48357
48359
48360
48361
48362
48363
48366
48367
48370
48371
48374
48375
48376
48377
48380
48381
48382
48383
48386
48387
48390
48391
48393
48397
48411
48420
48423
48430
48433
48436
48437
48438
48439
48442
48449
48451
48457
48458
48462
48463
48473
48480
48501
48502
48503
48504
48505
48506
48507
48509
48519
48529
48531
48532
48550
48551
48552
48553
48554
48555
48556
48557
48816
48836
48843
48844
48855
49001
49002
49003
49004
49005
49006
49007
49008
49009
49012
49019
49024
49034
49041
49048
49052
49053
49074
49077
49081
49083
49087
49088
49097
49267
49270
50003
50007
50009
50010
50011
50012
50013
50014
50021
50023
50028
50031
50032
50033
50035
50036
50037
50038
50039
50040
50046
50047
50054
50055
50056
50063
50066
50069
50070
50072
50073
50099
50105
50109
50111
50118
50124
50127
50131
50134
50135
50137
50139
50146
50152
50153
50154
50155
50156
50160
50161
50167
50168
50169
50170
50201
50208
50210
50212
50218
50220
50222
50223
50226
50228
50229
50232
50233
50236
50237
50240
50243
50244
50248
50251
50257
50261
50263
50265
50266
50273
50276
50278
50301
50302
50303
50304
50305
50306
50307
50308
50309
50310
50311
50312
50313
50314
50315
50316
50317
50318
50319
50320
50321
50322
50323
50324
50325
50327
50328
50329
50330
50331
50332
50333
50334
50335
50336
50339
50340
50359
50360
50361
50362
50363
50364
50367
50368
50369
50380
50381
50391
50392
50393
50394
50395
50396
50398
50607
50629
50641
50644
50648
50650
50654
50671
50682
50936
50940
50947
50950
50980
50981
50982
50983
52035
52036
52037
52038
52041
52050
52057
52202
52205
52206
52208
52209
52210
52212
52213
52214
52216
52218
52219
52223
52227
52228
52229
52233
52235
52237
52240
52241
52242
52243
52244
52245
52246
52249
52252
52253
52254
52255
52257
52302
52305
52306
52310
52312
52313
52314
52315
52317
52318
52320
52321
52322
52323
52324
52326
52328
52329
52330
52332
52333
52336
52337
52338
52340
52341
52344
52345
52346
52349
52351
52352
52354
52358
52362
52401
52402
52403
52404
52405
52406
52407
52408
52409
52410
52411
52497
52498
52499
52701
52720
52721
52722
52726
52727
52728
52729
52730
52731
52732
52733
52734
52736
52739
52742
52745
52746
52747
52748
52749
52750
52751
52753
52755
52756
52757
52758
52759
52760
52761
52765
52766
52767
52768
52769
52771
52772
52773
52774
52776
52777
52778
52801
52802
52803
52804
52805
52806
52807
52808
52809
53002
53004
53005
53007
53008
53012
53017
53018
53021
53022
53024
53027
53029
53033
53037
53040
53045
53046
53051
53052
53056
53058
53060
53064
53066
53069
53072
53074
53076
53080
53086
53089
53090
53092
53095
53097
53103
53105
53108
53118
53119
53122
53126
53127
53129
53132
53139
53146
53149
53150
53151
53153
53167
53172
53177
53182
53183
53185
53186
53187
53188
53189
53202
53204
53206
53208
53210
53211
53213
53215
53217
53219
53221
53223
53225
53227
53233
53235
53263
53268
53278
53290
53295
53401
53402
53403
53404
53405
53406
53407
53408
54610
54622
54629
54721
54736
54743
54755
54756
54759
54769
60001
60004
60008
60009
60010
60011
60012
60013
60014
60015
60017
60019
60021
60033
60034
60035
60039
60047
60050
60051
60061
60062
60069
60071
60072
60081
60089
60097
60098
60101
60102
60103
60105
60106
60108
60109
60110
60111
60112
60115
60116
60117
60118
60119
60120
60121
60122
60123
60124
60126
60128
60129
60132
60134
60135
60136
60137
60138
60139
60140
60142
60143
60144
60145
60146
60147
60148
60150
60151
60152
60156
60157
60170
60172
60173
60174
60175
60177
60178
60179
60180
60181
60183
60184
60185
60186
60187
60188
60189
60190
60191
60194
60195
60196
60197
60199
60290
60399
60401
60403
60404
60407
60408
60409
60410
60416
60417
60420
60421
60423
60424
60431
60432
60433
60434
60435
60436
60437
60440
60441
60442
60444
60446
60447
60448
60449
60450
60451
60460
60466
60468
60470
60474
60477
60479
60481
60484
60487
60490
60491
60502
60503
60504
60505
60506
60507
60510
60511
60512
60514
60515
60516
60517
60518
60519
60520
60521
60522
60523
60527
60531
60532
60536
60537
60538
60539
60540
60541
60542
60543
60544
60545
60548
60549
60550
60551
60552
60554
60555
60556
60557
60559
60560
60561
60563
60564
60565
60566
60567
60568
60572
60585
60586
60598
60599
60601
60602
60603
60604
60605
60606
60607
60608
60609
60610
60611
60612
60613
60614
60615
60616
60617
60618
60619
60620
60621
60622
60623
60624
60625
60628
60629
60631
60632
60634
60636
60637
60639
60641
60642
60644
60645
60647
60649
60651
60653
60654
60655
60657
60659
60660
60661
60664
60668
60669
60670
60673
60674
60675
60677
60678
60680
60681
60684
60685
60687
60688
60689
60690
60691
60693
60694
60697
60712
60714
60901
60910
60913
60914
60915
60917
60920
60921
60929
60934
60935
60940
60941
60944
60949
60950
60954
60958
60961
60964
60969
61008
61011
61012
61016
61024
61038
61063
61065
61072
61073
61077
61079
61080
61088
61101
61102
61103
61104
61105
61106
61107
61108
61109
61110
61111
61112
61114
61115
61125
61126
61130
61131
61132
61301
61311
61313
61316
61319
61321
61325
61332
61333
61334
61341
61342
61348
61350
61354
61358
61360
61364
61369
61370
61371
61372
61373
61375
61377
61401
61402
61410
61414
61415
61421
61424
61426
61427
61428
61430
61431
61432
61433
61436
61439
61441
61448
61449
61451
61458
61459
61467
61472
61474
61477
61479
61482
61483
61484
61485
61488
61489
61491
61501
61516
61517
61519
61520
61523
61524
61525
61526
61528
61529
61530
61531
61533
61534
61535
61536
61537
61539
61540
61541
61542
61543
61544
61545
61547
61548
61550
61552
61553
61554
61555
61558
61559
61561
61562
61563
61564
61565
61568
61569
61570
61571
61572
61601
61602
61603
61604
61605
61606
61607
61610
61611
61612
61613
61614
61615
61616
61625
61629
61630
61633
61634
61635
61636
61637
61638
61639
61641
61643
61650
61651
61652
61653
61654
61655
61656
61721
61729
61733
61734
61738
61739
61740
61741
61742
61743
61747
61755
61759
61760
61764
61769
61771
61775
61801
61802
61803
61815
61816
61820
61821
61822
61824
61825
61826
61840
61843
61845
61847
61849
61851
61852
61853
61859
61862
61863
61864
61866
61871
61872
61873
61874
61875
61877
61878
61880
62214
62263
62268
62271
62401
62411
62414
62424
62426
62443
62445
62461
62467
62473
62803
62808
62831
62841
62848
62876
62877
62915
62918
62921
62922
62933
62948
62949
62951
62959
62974
63114
63119
63122
63128
63129
63130
63132
63134
63138
63141
63144
63146
63167
64002
64013
64014
64015
64016
64018
64024
64028
64029
64030
64034
64048
64050
64051
64052
64053
64054
64055
64056
64057
64058
64060
64063
64064
64065
64066
64068
64069
64070
64072
64073
64075
64079
64081
64082
64086
64088
64089
64092
64098
64101
64102
64105
64106
64108
64109
64110
64111
64112
64113
64114
64116
64117
64118
64119
64120
64121
64123
64124
64125
64126
64127
64128
64129
64130
64131
64132
64133
64134
64136
64137
64138
64139
64141
64144
64145
64146
64147
64148
64149
64150
64151
64152
64153
64154
64155
64156
64157
64158
64161
64162
64163
64164
64165
64166
64167
64168
64170
64171
64179
64180
64184
64187
64188
64190
64191
64195
64196
64197
64198
64199
64421
64422
64427
64429
64430
64436
64439
64444
64449
64454
64459
64465
64469
64474
64477
64480
64483
64485
64490
64492
64493
64494
64497
64720
64722
64723
64730
64742
64745
64752
64779
64780
64999
66008
66010
66014
66015
66017
66024
66032
66033
66035
66039
66040
66042
66054
66056
66060
66066
66067
66070
66072
66073
66075
66076
66078
66079
66080
66087
66088
66090
66091
66092
66093
66094
66095
66097
66401
66403
66404
66406
66408
66411
66412
66415
66416
66417
66418
66419
66423
66424
66425
66427
66428
66429
66431
66434
66436
66438
66439
66440
66501
66507
66508
66509
66512
66515
66516
66518
66522
66526
66527
66532
66534
66538
66540
66541
66544
66548
66550
66552
66701
66710
66711
66712
66713
66714
66716
66717
66720
66724
66725
66728
66732
66733
66734
66735
66736
66738
66739
66740
66741
66742
66743
66746
66748
66749
66751
66753
66754
66755
66756
66757
66758
66759
66760
66761
66762
66763
66767
66769
66770
66771
66772
66773
66775
66776
66777
66778
66779
66780
66781
66782
66783
66801
66830
66833
66834
66835
66838
66839
66843
66845
66846
66849
66850
66852
66853
66854
66855
66856
66857
66860
66862
66863
66864
66865
66868
66869
66870
66871
66872
66873
66901
66930
66932
66933
66935
66936
66937
66938
66939
66940
66941
66942
66943
66944
66945
66946
66948
66949
66951
66952
66953
66955
66956
66958
66959
66960
66961
66962
66963
66964
66966
66967
66968
66970
67003
67009
67018
67021
67024
67028
67029
67036
67045
67047
67049
67054
67057
67058
67059
67061
67065
67066
67070
67071
67104
67109
67122
67124
67127
67134
67137
67138
67143
67150
67155
67301
67330
67332
67333
67334
67335
67336
67337
67340
67341
67342
67344
67345
67346
67347
67349
67351
67352
67353
67354
67355
67356
67357
67360
67361
67363
67364
67401
67402
67410
67416
67417
67418
67420
67422
67423
67425
67427
67430
67431
67436
67437
67439
67441
67442
67444
67445
67446
67448
67449
67450
67451
67452
67454
67455
67457
67459
67466
67467
67470
67473
67474
67478
67480
67481
67482
67484
67485
67490
67492
67511
67512
67513
67515
67516
67518
67519
67520
67521
67523
67524
67525
67526
67529
67530
67544
67545
67547
67548
67550
67552
67553
67554
67556
67557
67559
67560
67563
67564
67565
67567
67572
67573
67574
67575
67576
67578
67579
67584
67601
67621
67622
67623
67625
67626
67627
67628
67629
67631
67632
67634
67635
67637
67638
67639
67640
67642
67643
67644
67645
67646
67647
67648
67649
67650
67651
67653
67654
67656
67657
67658
67659
67660
67661
67663
67664
67665
67667
67669
67671
67672
67673
67674
67675
67701
67730
67731
67732
67733
67734
67735
67736
67737
67738
67739
67740
67741
67743
67744
67745
67747
67748
67749
67751
67752
67753
67756
67757
67758
67761
67762
67764
67801
67831
67834
67835
67836
67837
67838
67839
67840
67841
67842
67843
67844
67846
67849
67850
67851
67853
67854
67855
67857
67859
67860
67862
67864
67865
67867
67868
67869
67870
67871
67876
67877
67878
67879
67880
67882
67901
67905
67950
67951
67952
67953
67954
68005
68007
68010
68016
68022
68028
68037
68046
68048
68056
68058
68059
68064
68069
68101
68102
68103
68104
68105
68106
68107
68108
68109
68110
68111
68112
68113
68114
68116
68117
68118
68119
68120
68122
68123
68124
68127
68128
68130
68131
68132
68133
68134
68135
68136
68137
68138
68139
68142
68144
68145
68147
68152
68154
68155
68157
68164
68172
68175
68176
68178
68179
68180
68182
68183
68197
68198
68304
68307
68317
68336
68339
68347
68349
68358
68366
68368
68372
68402
68403
68404
68407
68409
68413
68419
68428
68430
68438
68455
68461
68462
68463
68501
68502
68503
68504
68505
68506
68507
68508
68509
68510
68512
68514
68516
68517
68520
68521
68522
68523
68524
68526
68527
68528
68529
68531
68532
68542
68544
68583
68588
70002
70004
70006
70010
70030
70031
70032
70033
70037
70038
70039
70040
70041
70043
70044
70047
70050
70053
70055
70057
70058
70060
70063
70065
70070
70072
70075
70078
70079
70080
70081
70082
70083
70085
70087
70091
70092
70093
70094
70097
70181
70301
70302
70310
70340
70342
70343
70344
70345
70352
70353
70354
70355
70356
70357
70358
70359
70360
70361
70363
70364
70371
70373
70374
70375
70377
70380
70381
70392
70394
70395
70397
70501
70502
70503
70504
70505
70506
70507
70508
70509
70510
70511
70512
70513
70514
70515
70516
70517
70518
70519
70520
70521
70522
70523
70524
70525
70526
70527
70528
70529
70531
70532
70533
70534
70535
70537
70538
70540
70541
70542
70543
70544
70546
70548
70549
70550
70551
70552
70554
70555
70556
70558
70559
70560
70562
70563
70569
70570
70571
70575
70576
70577
70578
70580
70581
70582
70583
70584
70585
70586
70589
70591
70592
70593
70596
70598
70601
70602
70605
70606
70607
70609
70611
70612
70615
70616
70629
70630
70631
70632
70633
70634
70637
70638
70640
70643
70644
70645
70646
70647
70648
70650
70651
70652
70653
70654
70655
70656
70657
70658
70660
70661
70662
70663
70664
70665
70668
70669
70750
71345
71353
71356
71358
71367
71463
71601
71602
71603
71611
71612
71613
71652
71659
71660
71665
71701
71711
71720
71721
71722
71724
71725
71726
71728
71730
71731
71740
71742
71743
71747
71748
71749
71750
71751
71752
71753
71754
71758
71759
71762
71763
71764
71765
71770
71772
71801
71802
71820
71822
71823
71825
71826
71827
71828
71831
71832
71833
71834
71835
71836
71837
71838
71839
71840
71841
71842
71845
71846
71847
71851
71852
71853
71854
71855
71857
71858
71859
71860
71861
71862
71864
71865
71866
71901
71902
71903
71909
71910
71913
71914
71920
71921
71922
71923
71929
71933
71940
71941
71942
71943
71949
71950
71952
71956
71958
71959
71962
71964
71968
71971
71998
71999
72002
72004
72011
72015
72018
72019
72022
72032
72033
72034
72035
72047
72053
72057
72058
72061
72065
72073
72076
72078
72079
72084
72087
72089
72099
72103
72104
72105
72106
72111
72113
72114
72115
72116
72117
72118
72119
72120
72122
72124
72128
72129
72132
72133
72135
72142
72150
72152
72158
72164
72167
72168
72173
72175
72180
72181
72182
72183
72190
72199
72201
72202
72203
72204
72205
72206
72207
72209
72210
72211
72212
72214
72215
72216
72217
72219
72221
72222
72223
72225
72227
72231
72255
72260
72295
73003
73007
73008
73010
73012
73013
73014
73016
73019
73020
73022
73025
73026
73027
73028
73031
73034
73036
73044
73045
73049
73050
73051
73054
73056
73058
73063
73064
73065
73066
73068
73069
73070
73071
73072
73073
73078
73080
73083
73084
73085
73090
73093
73095
73097
73099
73101
73102
73103
73104
73105
73106
73107
73108
73109
73110
73111
73112
73113
73114
73115
73116
73117
73118
73119
73120
73121
73122
73123
73124
73125
73126
73127
73128
73129
73130
73131
73132
73134
73135
73136
73137
73139
73140
73141
73142
73143
73144
73145
73146
73147
73148
73149
73150
73151
73152
73153
73154
73155
73156
73157
73159
73160
73162
73163
73164
73165
73167
73169
73170
73172
73173
73178
73179
73184
73185
73189
73190
73194
73195
73196
73449
73734
73742
73750
73756
73762
73764
74008
74011
74012
74013
74021
74033
74037
74043
74050
74055
74063
74070
74073
74102
74103
74104
74106
74108
74110
74114
74116
74117
74120
74121
74126
74127
74128
74130
74132
74133
74134
74137
74148
74149
74150
74152
74155
74156
74157
74158
74170
74171
74172
74182
74186
74187
74192
74193
74701
74702
74720
74721
74723
74726
74729
74730
74731
74733
74741
74747
74753
74801
74802
74804
74826
74831
74840
74851
74852
74854
74857
74866
74873
74878
75001
75002
75006
75009
75011
75013
75014
75015
75016
75017
75019
75020
75021
75023
75024
75025
75026
75027
75029
75030
75032
75034
75035
75038
75039
75040
75041
75042
75043
75044
75045
75046
75047
75048
75049
75050
75051
75052
75053
75054
75057
75058
75060
75061
75062
75063
75069
75070
75071
75074
75075
75076
75077
75078
75080
75081
75082
75083
75085
75086
75087
75088
75089
75090
75091
75092
75093
75094
75097
75098
75099
75101
75102
75103
75104
75105
75106
75109
75110
75114
75115
75116
75117
75118
75120
75121
75123
75124
75127
75132
75134
75135
75137
75138
75140
75141
75142
75144
75146
75147
75148
75149
75150
75151
75152
75153
75155
75156
75157
75158
75159
75161
75163
75164
75165
75166
75168
75169
75172
75173
75180
75181
75182
75185
75187
75189
75201
75202
75203
75204
75205
75206
75207
75208
75209
75210
75211
75212
75214
75215
75216
75217
75218
75219
75220
75221
75222
75223
75224
75225
75226
75227
75228
75229
75230
75231
75232
75233
75234
75235
75236
75237
75238
75240
75241
75242
75243
75244
75246
75247
75248
75249
75250
75251
75252
75253
75254
75260
75261
75262
75263
75264
75265
75266
75267
75270
75275
75277
75283
75284
75285
75287
75301
75303
75312
75313
75315
75320
75326
75336
75339
75342
75354
75355
75356
75357
75358
75359
75360
75367
75368
75370
75371
75372
75373
75374
75376
75378
75379
75380
75381
75382
75389
75390
75391
75392
75393
75394
75395
75397
75398
75402
75404
75407
75409
75410
75411
75412
75413
75414
75415
75416
75417
75420
75421
75423
75424
75425
75426
75429
75431
75432
75433
75434
75435
75436
75437
75438
75440
75441
75442
75443
75444
75447
75448
75450
75451
75452
75454
75455
75456
75457
75458
75459
75460
75461
75462
75468
75469
75470
75471
75472
75473
75476
75477
75478
75480
75481
75482
75483
75485
75486
75487
75488
75489
75491
75492
75493
75494
75495
75496
75497
75550
75554
75558
75640
75644
75645
75683
75686
75701
75702
75703
75704
75705
75706
75707
75708
75709
75710
75711
75712
75713
75750
75751
75752
75754
75755
75756
75757
75758
75762
75763
75765
75770
75771
75773
75778
75779
75782
75783
75789
75790
75791
75792
75797
75798
75799
75801
75802
75803
75832
75838
75839
75840
75848
75853
75859
75860
75861
75880
75882
75884
75886
76002
76006
76008
76009
76012
76016
76020
76023
76031
76035
76036
76043
76044
76048
76049
76052
76054
76055
76058
76061
76064
76066
76067
76068
76070
76071
76073
76077
76078
76082
76085
76086
76087
76088
76093
76094
76096
76098
76103
76105
76109
76111
76115
76117
76121
76123
76129
76131
76135
76137
76150
76161
76166
76179
76185
76191
76196
76198
76202
76204
76206
76225
76227
76228
76230
76233
76234
76238
76239
76240
76241
76245
76246
76249
76250
76251
76252
76253
76255
76259
76261
76263
76264
76265
76267
76268
76270
76271
76272
76273
76352
76357
76365
76377
76401
76402
76426
76427
76431
76433
76436
76439
76446
76449
76453
76457
76458
76459
76461
76462
76463
76465
76467
76472
76475
76476
76484
76485
76486
76487
76490
76501
76502
76503
76504
76505
76508
76511
76513
76522
76524
76525
76526
76528
76531
76533
76534
76540
76541
76542
76543
76544
76547
76548
76549
76554
76557
76558
76559
76561
76564
76565
76566
76569
76571
76579
76596
76597
76598
76599
76621
76622
76623
76624
76626
76627
76628
76630
76631
76633
76634
76635
76636
76637
76638
76639
76640
76641
76642
76643
76644
76645
76648
76649
76650
76652
76653
76654
76655
76657
76660
76664
76665
76666
76667
76670
76671
76673
76676
76678
76679
76681
76682
76684
76686
76687
76689
76690
76691
76692
76693
76701
76702
76703
76704
76705
76706
76707
76708
76710
76711
76712
76714
76715
76716
76797
76798
76799
77002
77003
77005
77006
77007
77011
77018
77021
77022
77023
77024
77026
77027
77031
77033
77034
77035
77036
77040
77043
77046
77047
77051
77053
77054
77056
77059
77064
77065
77066
77067
77068
77069
77071
77072
77073
77074
77075
77076
77079
77084
77086
77087
77088
77090
77095
77096
77098
77099
77202
77204
77207
77210
77212
77215
77216
77219
77221
77223
77225
77227
77230
77231
77235
77237
77238
77240
77241
77243
77245
77249
77251
77253
77255
77257
77265
77267
77268
77269
77270
77272
77275
77277
77279
77280
77288
77290
77291
77297
77315
77325
77336
77337
77338
77339
77345
77346
77347
77373
77375
77377
77379
77383
77388
77389
77391
77396
77401
77402
77406
77407
77410
77411
77413
77417
77420
77429
77432
77433
77435
77436
77437
77441
77443
77444
77447
77448
77449
77450
77451
77453
77454
77455
77459
77461
77464
77467
77469
77471
77476
77477
77478
77479
77481
77484
77487
77488
77489
77491
77492
77493
77494
77496
77497
77498
77501
77502
77503
77504
77505
77506
77507
77508
77510
77517
77518
77520
77521
77522
77530
77532
77536
77539
77545
77546
77547
77549
77550
77551
77552
77553
77554
77555
77562
77563
77565
77568
77571
77572
77573
77574
77586
77587
77590
77591
77592
77598
77617
77623
77650
77901
77902
77903
77904
77905
77950
77951
77954
77957
77960
77961
77962
77963
77964
77967
77968
77969
77970
77971
77973
77974
77975
77976
77977
77978
77979
77982
77983
77984
77986
77987
77988
77989
77990
77991
77993
77994
77995
78002
78073
78107
78141
78164
78220
78224
78252
78256
78260
78270
78340
78377
78393
80001
80002
80003
80004
80005
80006
80007
80010
80011
80012
80013
80014
80015
80016
80017
80018
80019
80020
80021
80022
80023
80024
80025
80026
80027
80030
80031
80033
80034
80035
80036
80037
80038
80040
80041
80042
80044
80045
80046
80047
80101
80102
80103
80104
80105
80106
80107
80108
80109
80110
80111
80112
80113
80116
80117
80118
80120
80121
80122
80123
80124
80125
80126
80127
80128
80129
80130
80131
80132
80133
80134
80135
80136
80137
80138
80150
80151
80155
80160
80161
80162
80163
80165
80166
80201
80202
80203
80204
80205
80206
80207
80208
80209
80210
80211
80212
80214
80215
80216
80217
80218
80219
80220
80221
80222
80223
80224
80225
80226
80227
80228
80229
80230
80231
80232
80233
80234
80235
80236
80237
80238
80239
80241
80243
80244
80246
80247
80248
80249
80250
80251
80252
80256
80257
80259
80260
80261
80262
80263
80264
80265
80266
80271
80273
80274
80279
80280
80281
80290
80291
80293
80294
80295
80299
80301
80302
80303
80304
80305
80306
80307
80308
80309
80310
80314
80321
80322
80323
80328
80329
80401
80402
80403
80419
80420
80421
80422
80423
80424
80425
80426
80427
80428
80429
80430
80432
80433
80434
80435
80436
80437
80438
80439
80440
80442
80443
80444
80446
80447
80448
80449
80451
80452
80453
80454
80455
80456
80457
80459
80461
80463
80465
80466
80467
80468
80469
80470
80471
80473
80474
80475
80476
80477
80478
80479
80480
80481
80482
80483
80487
80488
80497
80498
80501
80502
80503
80504
80510
80511
80512
80513
80514
80515
80516
80517
80520
80521
80522
80523
80524
80525
80526
80527
80528
80530
80532
80533
80534
80535
80536
80537
80538
80539
80540
80541
80542
80543
80544
80545
80546
80547
80549
80550
80551
80553
80601
80602
80603
80610
80611
80612
80614
80615
80620
80621
80622
80623
80624
80631
80632
80633
80634
80638
80639
80640
80642
80643
80644
80645
80646
80648
80649
80650
80651
80652
80653
80654
80701
80705
80720
80721
80722
80723
80726
80727
80728
80729
80731
80732
80733
80734
80735
80736
80737
80740
80741
80742
80743
80744
80745
80746
80747
80749
80750
80751
80754
80755
80757
80758
80759
80801
80802
80804
80805
80807
80808
80809
80810
80812
80813
80814
80815
80816
80817
80818
80819
80820
80821
80822
80823
80824
80825
80826
80827
80828
80829
80830
80831
80832
80833
80834
80835
80836
80840
80841
80860
80861
80862
80863
80864
80866
80901
80902
80903
80904
80905
80906
80907
80908
80909
80910
80911
80912
80913
80914
80915
80916
80917
80918
80919
80920
80921
80922
80923
80924
80925
80926
80927
80928
80929
80930
80931
80932
80933
80934
80935
80936
80937
80938
80939
80941
80942
80943
80944
80945
80946
80947
80949
80950
80951
80960
80962
80970
80977
80995
80997
81001
81002
81003
81004
81005
81006
81007
81008
81009
81010
81011
81012
81019
81020
81021
81022
81023
81024
81025
81027
81029
81030
81033
81034
81036
81038
81039
81040
81041
81043
81044
81045
81046
81047
81049
81050
81052
81054
81055
81057
81058
81059
81062
81063
81064
81067
81069
81071
81073
81076
81077
81081
81082
81084
81087
81089
81090
81091
81092
81101
81102
81120
81121
81122
81123
81124
81125
81126
81128
81129
81130
81131
81132
81133
81135
81136
81137
81138
81140
81141
81143
81144
81146
81147
81148
81149
81151
81152
81154
81155
81157
81201
81210
81211
81212
81215
81220
81221
81222
81223
81224
81225
81226
81227
81228
81230
81231
81232
81233
81235
81236
81237
81239
81240
81241
81242
81243
81244
81247
81248
81251
81252
81253
81290
81301
81302
81303
81320
81321
81323
81324
81325
81326
81327
81328
81329
81330
81331
81332
81334
81335
81401
81402
81403
81410
81411
81413
81414
81415
81416
81418
81419
81420
81422
81423
81424
81425
81426
81427
81428
81429
81430
81431
81432
81433
81434
81435
81501
81502
81503
81504
81505
81506
81507
81520
81521
81522
81523
81524
81525
81526
81527
81601
81602
81610
81611
81612
81615
81620
81621
81623
81624
81625
81626
81630
81631
81632
81633
81635
81636
81637
81638
81639
81640
81641
81642
81643
81645
81646
81647
81648
81649
81650
81652
81653
81654
81655
81656
81657
81658
85001
85002
85003
85004
85006
85007
85008
85010
85011
85012
85013
85014
85015
85016
85017
85018
85020
85021
85025
85026
85028
85030
85034
85038
85055
85060
85061
85062
85064
85065
85067
85069
85072
85073
85074
85079
85082
85097
85098
85253
87936
87937
87940
87941
88001
88002
88003
88004
88005
88006
88007
88008
88011
88012
88013
88021
88024
88027
88032
88033
88044
88046
88047
88048
88052
88054
88058
88063
88072
88081
90003
90004
90005
90008
90017
90021
90024
90025
90027
90031
90033
90034
90037
90038
90043
90044
90045
90046
90047
90048
90049
90050
90051
90052
90055
90062
90065
90066
90068
90069
90070
90071
90072
90074
90075
90076
90079
90080
90081
90082
90083
90084
90086
90087
90088
90089
90090
90091
90094
90096
90099
90101
90103
90189
90202
90209
90210
90211
90212
90213
90223
90230
90231
90232
90233
90239
90241
90242
90245
90247
90248
90249
90250
90251
90254
90260
90262
90263
90264
90267
90270
90280
90290
90294
90295
90296
90301
90302
90305
90311
90312
90501
90502
90503
90504
90505
90601
90602
90603
90604
90605
90606
90607
90608
90609
90610
90637
90638
90639
90640
90650
90651
90652
90660
90661
90662
90671
90701
90703
90704
90706
90707
90711
90712
90713
90714
90715
90716
90746
90747
90801
90802
90803
90804
90805
90806
90807
90808
90809
90810
90813
90814
90815
90822
90832
90842
90846
90847
90848
90895
91001
91003
91006
91007
91008
91009
91010
91011
91012
91016
91017
91020
91021
91023
91024
91025
91030
91031
91040
91041
91042
91043
91046
91066
91077
91101
91102
91103
91104
91105
91106
91107
91108
91109
91110
91114
91115
91116
91117
91118
91121
91123
91124
91125
91126
91129
91182
91184
91185
91188
91189
91199
91201
91202
91203
91204
91205
91206
91207
91208
91209
91210
91214
91221
91222
91224
91225
91226
91301
91302
91303
91308
91309
91310
91313
91316
91319
91322
91327
91328
91329
91330
91333
91334
91335
91340
91341
91358
91359
91360
91372
91376
91377
91380
91381
91382
91383
91384
91385
91386
91387
91392
91393
91394
91395
91396
91403
91404
91407
91408
91409
91410
91412
91413
91416
91423
91426
91436
91470
91482
91495
91496
91499
91502
91503
91504
91505
91506
91507
91508
91510
91521
91522
91523
91526
91601
91602
91603
91604
91605
91607
91608
91609
91610
91611
91612
91614
91615
91616
91617
91618
91702
91706
91708
91709
91711
91714
91715
91716
91722
91723
91724
91731
91732
91733
91734
91735
91740
91741
91744
91745
91746
91747
91748
91749
91750
91754
91755
91756
91763
91764
91765
91766
91767
91768
91770
91771
91772
91773
91775
91776
91778
91780
91788
91789
91790
91791
91792
91801
91803
91804
91896
91899
91901
91902
91903
91905
91906
91908
91909
91910
91911
91912
91913
91914
91915
91916
91917
91921
91931
91932
91933
91934
91935
91941
91942
91943
91944
91945
91946
91947
91948
91950
91951
91962
91963
91976
91977
91978
91979
91980
91987
92003
92004
92007
92008
92009
92010
92011
92013
92014
92018
92019
92020
92021
92022
92023
92024
92025
92026
92027
92028
92029
92030
92033
92036
92037
92038
92039
92040
92046
92049
92051
92052
92054
92055
92056
92057
92058
92059
92060
92061
92064
92065
92066
92067
92068
92069
92070
92071
92072
92074
92075
92078
92079
92081
92082
92083
92084
92085
92086
92088
92091
92092
92093
92096
92101
92102
92103
92104
92105
92106
92107
92108
92109
92110
92111
92112
92113
92114
92115
92116
92117
92118
92119
92120
92121
92122
92123
92124
92126
92127
92128
92129
92130
92131
92132
92134
92135
92136
92137
92138
92139
92140
92142
92143
92145
92147
92149
92150
92152
92153
92154
92155
92158
92159
92160
92161
92162
92163
92164
92165
92166
92167
92168
92169
92170
92171
92172
92173
92174
92175
92176
92177
92178
92179
92182
92184
92186
92187
92190
92191
92192
92193
92195
92196
92197
92198
92199
92345
92395
92404
93001
93003
93004
93005
93006
93007
93009
93010
93011
93012
93015
93016
93020
93021
93022
93023
93024
93030
93031
93032
93033
93034
93035
93036
93040
93041
93042
93043
93044
93060
93061
93062
93063
93064
93065
93066
93094
93099
93203
93205
93206
93215
93216
93220
93222
93224
93225
93226
93238
93240
93241
93243
93249
93250
93251
93252
93255
93263
93268
93276
93280
93283
93285
93287
93301
93302
93303
93304
93305
93306
93307
93308
93309
93311
93312
93313
93314
93380
93383
93384
93385
93386
93387
93388
93389
93390
93501
93502
93504
93505
93510
93516
93518
93519
93523
93524
93527
93528
93531
93532
93535
93536
93539
93543
93544
93551
93552
93553
93554
93555
93556
93558
93560
93561
93563
93581
93584
93586
93590
93591
93596
93599
94002
94005
94010
94011
94014
94015
94016
94017
94018
94019
94020
94021
94022
94023
94024
94025
94026
94027
94028
94030
94035
94037
94038
94039
94040
94041
94042
94043
94044
94060
94061
94062
94063
94064
94065
94066
94070
94074
94080
94083
94085
94086
94087
94088
94089
94102
94103
94104
94105
94107
94108
94109
94110
94111
94112
94114
94115
94116
94117
94118
94119
94120
94121
94122
94123
94124
94125
94126
94127
94128
94129
94130
94131
94132
94133
94134
94137
94139
94140
94141
94142
94143
94144
94145
94146
94147
94151
94153
94154
94156
94158
94159
94160
94161
94162
94163
94164
94171
94172
94177
94188
94301
94302
94303
94304
94305
94306
94309
94401
94402
94403
94404
94497
94501
94502
94505
94506
94507
94509
94510
94511
94512
94513
94514
94516
94517
94518
94519
94520
94521
94522
94523
94524
94525
94526
94527
94528
94529
94530
94531
94533
94534
94535
94536
94537
94538
94539
94540
94541
94542
94543
94544
94545
94546
94547
94548
94549
94550
94551
94552
94553
94555
94556
94557
94560
94561
94563
94564
94565
94566
94568
94569
94570
94571
94572
94575
94577
94578
94579
94580
94582
94583
94585
94586
94587
94588
94589
94590
94591
94592
94595
94596
94597
94598
94601
94602
94603
94604
94605
94606
94607
94608
94609
94610
94611
94612
94613
94614
94615
94617
94618
94619
94620
94621
94622
94623
94624
94649
94659
94660
94661
94662
94666
94701
94702
94703
94704
94705
94706
94707
94708
94709
94710
94712
94720
94801
94802
94803
94804
94805
94806
94807
94808
94820
94850
95002
95008
95009
95011
95013
95014
95015
95020
95021
95026
95030
95031
95032
95035
95036
95037
95038
95042
95044
95046
95050
95051
95052
95053
95054
95055
95056
95070
95071
95101
95103
95106
95108
95109
95110
95111
95112
95113
95115
95117
95118
95119
95120
95121
95122
95123
95124
95125
95126
95127
95128
95129
95130
95131
95132
95133
95134
95135
95136
95138
95139
95140
95141
95148
95150
95151
95152
95153
95154
95155
95156
95157
95158
95159
95160
95161
95164
95170
95172
95173
95190
95191
95192
95193
95194
95196
95307
95313
95316
95319
95323
95326
95328
95329
95350
95351
95352
95353
95354
95355
95356
95357
95358
95360
95361
95363
95367
95368
95380
95381
95382
95386
95387
95397
95620
95625
95687
95688
95696
96742
98501