75216
75019
75063
75038
75062
75006
75234
75220
75209
75205
75225
75230
75240
75254
75081
75080
75248
75254
75001
76063
76051
76092
76248
76177
76052
76179
76117
76137
76144
76180
76054
76053
76022
76034
76248
76262
75022
75028
75077
75067
75007
75287
75056
75034
75068
75252
75209
75024
75075
75074
75082
75023
75094
75098
75002
75069
75071
75078
66749
66021
66025
66031
66030
66160
66203
66202
66205
66204
66044
66207
66206
66209
66208
66048
66211
66210
66213
66212
66215
66051
66214
66217
66053
66216
66219
66218
66061
66221
66220
66223
66062
66224
66070
66227
66067
66226
66071
66524
66083
66085
66006
66012
66013
67601
66018
66103
66105
64131
66104
66109
66106
66111
66113
66112
66118
66160
66007
66012
66217
66101
66216
64130
66103
66102
66021
66064
66026
66072
66030
66071
66036
66040
66079
66042
66083
66080
66092
66013
66053
66021
66066
66025
66524
66044
66006
66046
66045
66409
66047
66050
66049
66092
66020
66109
66024
66041
66044
66086
66043
66002
66048
66007
66012
66052
66054
66097
66064
66067
66071
66524
66033
66528
28743
66076
66079
66078
66042
66080
66006
66092
66095
64001
64179
64011
64014
64180
64016
64015
64020
39365
64024
64030
64029
64673
64034
64040
64051
64050
64053
64052
63101
64055
63755
64054
64057
64056
64058
64061
64734
64064
64063
65079
64066
64065
64068
64070
64071
64743
64074
64075
64080
64082
64081
64083
64086
64088
66104
66109
64101
64105
64102
64108
64106
64110
64109
66160
64112
64111
64114
64113
64117
64116
64119
64118
64120
64124
64123
64126
64125
64128
64127
64130
64129
64132
64131
64134
64133
64137
64136
64139
64138
64145
64144
64147
64146
64149
64151
64150
64153
64152
64999
64155
64154
64157
64156
64158
64164
65337
65336
64093
64011
65233
65351
63379
64020
64019
65360
64037
64040
64726
64061
64733
64739
64070
64743
64071
65305
64076
64747
64080
64761
64086
65332
64090
64725
66062
64730
64012
64061
64734
64739
64070
64742
64743
64746
64747
64078
64034
64080
64082
64040
64081
64083
64701
64720
64089
64012
65583
64110
64111
64114
64024
64117
64116
64119
33313
64118
64401
64492
64048
64050
64128
64132
64429
64060
64134
64058
64137
64062
64138
64068
64144
64072
64151
65536
64155
64077
64154
64157
64454
64079
64156
64158
64161
64165
64167
66103
63357
64166
64090
64093
64001
64097
64011
64096
64067
64020
64022
64071
64021
64074
64076
65321
64075
79765
64037
65327
64086
64085
01810
01812
01830
01831
01832
01833
01834
01835
01840
01841
01842
01843
01844
01845
01860
01885
01899
01901
01902
01903
01904
01905
01906
01907
01908
01910
01913
01915
01921
01922
01923
01929
01930
01931
01936
01937
01938
01940
01944
01945
01949
01950
01951
01952
01960
01961
01965
01966
01969
01970
01971
01982
01983
01984
01985
05501
05544
01431
01432
01434
01450
01460
01463
01464
01469
01470
01471
01472
01474
01701
01702
01703
01704
01705
01718
01719
01720
01721
01730
01731
01741
01742
01746
01748
01749
01752
01754
01760
01770
01773
01775
01776
01778
01784
01801
01803
01805
01813
01815
01821
01822
01824
01826
01827
01850
01851
01852
01853
01854
01862
01863
01864
01865
01866
01867
01876
01879
01880
01886
01887
01888
01889
01890
02138
02139
02140
02141
02142
02143
02144
02145
02148
02149
02153
02155
02156
02176
02180
02238
02420
02421
02451
02452
02453
02454
02455
02456
02458
02459
02460
02461
02462
02464
02465
02466
02467
02468
02471
02472
02474
02475
02476
02477
02478
02479
02493
02495
02019
02021
02025
02026
02027
02030
02032
02035
02038
02052
02053
02054
02056
02062
02067
02070
02071
02072
02081
02090
02093
02169
02170
02171
02184
02185
02186
02187
02188
02189
02190
02191
02269
02322
02343
02368
02445
02446
02447
02457
02481
02482
02492
02494
02762
03046
03106
03216
03221
03224
03229
03230
03231
03233
03234
03235
03242
03243
03255
03257
03258
03260
03263
03268
03272
03273
03275
03278
03287
03301
03302
03303
03304
03305
03307
03031
03033
03043
03045
03047
03048
03049
03051
03052
03054
03055
03057
03060
03061
03062
03063
03064
03070
03071
03076
03082
03084
03086
03101
03102
03103
03104
03105
03108
03109
03110
03111
03244
03281
03440
03442
03449
03458
03468
03032
03034
03036
03037
03038
03040
03041
03042
03044
03053
03073
03077
03079
03087
03261
03290
03291
03801
03802
03803
03804
03811
03819
03826
03827
03833
03840
03841
03842
03843
03844
03848
03854
03856
03857
03858
03859
03862
03865
03870
03871
03873
03874
03885
01001
01002
01003
01004
01005
01007
01008
01009
01010
01011
01012
01013
01014
01020
01021
01022
01026
01027
01028
01029
01030
01031
01032
01033
01034
01035
01036
01037
01038
01039
01040
01041
01050
01053
01054
01056
01057
01059
01060
01061
01062
01063
01066
01068
01069
01070
01071
01072
01073
01074
01075
01077
01079
01080
01081
01082
01083
01084
01085
01086
01088
01089
01090
01092
01093
01094
01095
01096
01097
01098
01101
01102
01103
01104
01105
01106
01107
01108
01109
01111
01115
01116
01118
01119
01128
01129
01133
01138
01139
01144
01151
01152
01195
01199
01201
01202
01203
01220
01222
01223
01224
01225
01226
01227
01229
01230
01235
01236
01237
01238
01240
01242
01243
01244
01245
01247
01252
01253
01254
01255
01256
01257
01258
01259
01260
01262
01263
01264
01266
01267
01270
01301
01302
01330
01331
01337
01338
01339
01340
01341
01342
01343
01344
01346
01347
01349
01350
01351
01354
01355
01360
01364
01366
01367
01368
01370
01373
01375
01376
01378
01379
01380
01420
01430
01431
01432
01434
01436
01438
01440
01441
01450
01451
01452
01453
01460
01462
01463
01464
01467
01468
01469
01470
01471
01472
01473
01474
01475
01477
01501
01503
01504
01505
01506
01507
01508
01509
01510
01515
01516
01517
01518
01519
01520
01521
01522
01523
01524
01525
01526
01527
01529
01531
01532
01534
01535
01536
01537
01538
01540
01541
01542
01543
01545
01546
01550
01560
01561
01562
01564
01566
01568
01569
01570
01571
01580
01581
01582
01583
01585
01586
01588
01590
01601
01602
01603
01604
01605
01606
01607
01608
01609
01610
01611
01612
01613
01614
01615
01653
01654
01655
01701
01702
01703
01704
01705
01718
01719
01720
01721
01730
01731
01740
01741
01742
01745
01746
01747
01748
01749
01752
01754
01756
01757
01760
01770
01772
01773
01775
01776
01778
01784
01801
01803
01805
01806
01807
01808
01810
01812
01813
01815
01821
01822
01824
01826
01827
01830
01831
01832
01833
01834
01835
01840
01841
01842
01843
01844
01845
01850
01851
01852
01853
01854
01860
01862
01863
01864
01865
01866
01867
01876
01879
01880
01885
01886
01887
01888
01889
01890
01899
01901
01902
01903
01904
01905
01906
01907
01908
01910
01913
01915
01921
01922
01923
01929
01930
01931
01936
01937
01938
01940
01944
01945
01949
01950
01951
01952
01960
01961
01965
01966
01969
01970
01971
01982
01983
01984
01985
02018
02019
02020
02021
02025
02026
02027
02030
02031
02032
02035
02038
02040
02041
02043
02044
02045
02047
02048
02050
02051
02052
02053
02054
02055
02056
02059
02060
02061
02062
02065
02066
02067
02070
02071
02072
02081
02090
02093
02108
02109
02110
02111
02112
02113
02114
02115
02116
02117
02118
02119
02120
02121
02122
02123
02124
02125
02126
02127
02128
02129
02130
02131
02132
02133
02134
02135
02136
02137
02138
02139
02140
02141
02142
02143
02144
02145
02148
02149
02150
02151
02152
02153
02155
02156
02163
02169
02170
02171
02176
02180
02184
02185
02186
02187
02188
02189
02190
02191
02196
02199
02201
02203
02204
02205
02206
02207
02210
02211
02212
02215
02216
02217
02222
02228
02238
02239
02241
02266
02269
02283
02284
02293
02295
02297
02298
02301
02302
02303
02304
02305
02322
02324
02325
02327
02330
02331
02332
02333
02334
02337
02338
02339
02340
02341
02343
02344
02345
02346
02347
02348
02349
02350
02351
02355
02356
02357
02358
02359
02360
02361
02362
02364
02366
02367
02368
02370
02375
02379
02381
02382
02420
02421
02445
02446
02447
02451
02452
02453
02454
02455
02456
02457
02458
02459
02460
02461
02462
02464
02465
02466
02467
02468
02471
02472
02474
02475
02476
02477
02478
02479
02481
02482
02492
02493
02494
02495
02532
02534
02535
02536
02537
02538
02539
02540
02541
02542
02543
02552
02553
02554
02556
02557
02558
02559
02561
02562
02563
02564
02565
02568
02571
02573
02574
02575
02576
02584
02601
02630
02631
02632
02633
02634
02635
02636
02637
02638
02639
02641
02642
02643
02644
02645
02646
02647
02648
02649
02650
02651
02652
02653
02655
02657
02659
02660
02661
02662
02663
02664
02666
02667
02668
02669
02670
02671
02672
02673
02675
02702
02703
02712
02713
02714
02715
02717
02718
02719
02720
02721
02722
02723
02724
02725
02726
02738
02739
02740
02741
02742
02743
02744
02745
02746
02747
02748
02760
02761
02762
02763
02764
02766
02767
02768
02769
02770
02771
02777
02779
02780
02783
02790
02791
05501
05544
97002
97004
97005
97006
97007
97008
97009
97010
97011
97013
97014
97015
97016
97017
97018
97019
97020
97021
97022
97023
97024
97026
97027
97028
97029
97030
97031
97032
97034
97035
97036
97038
97041
97042
97044
97045
97048
97049
97051
97053
97054
97055
97056
97060
97062
97064
97067
97068
97070
97071
97073
97075
97076
97077
97078
97080
97086
97089
97101
97103
97106
97107
97108
97109
97110
97111
97112
97113
97114
97116
97117
97118
97119
97121
97122
97123
97124
97125
97127
97128
97130
97131
97132
97133
97134
97135
97136
97137
97138
97140
97141
97143
97146
97148
97149
97201
97202
97203
97204
97206
97207
97208
97209
97210
97211
97212
97213
97214
97215
97216
97217
97218
97219
97220
97221
97222
97223
97224
97225
97229
97230
97232
97233
97236
97238
97239
97240
97242
97253
97254
97255
97256
97258
97259
97266
97267
97268
97271
97272
97280
97281
97282
97283
97286
97290
97291
97292
97293
97294
97296
97298
97299
97301
97302
97303
97304
97305
97306
97307
97308
97309
97310
97311
97312
97313
97314
97316
97317
97318
97321
97322
97324
97325
97326
97327
97329
97330
97331
97333
97335
97336
97338
97341
97342
97344
97346
97347
97348
97350
97351
97352
97355
97358
97359
97360
97361
97362
97368
97370
97371
97374
97375
97377
97378
97381
97383
97384
97385
97386
97389
97392
97393
97396
97401
97402
97403
97404
97405
97408
97409
97412
97413
97419
97424
97426
97430
97431
97438
97439
97440
97441
97446
97448
97453
97454
97456
97463
97472
97480
97482
97487
97488
97489
97490
97492
97493
97498
83111
98001
98002
98003
98023
98047
98063
98071
98092
98093
98321
98422
98530
98604
98390
98391
98391
98642
98531
98532
98401
98402
98403
98404
98405
98406
98407
98408
98409
98411
98412
98413
98415
98416
98417
98418
98419
98421
98422
98424
98431
98433
98443
98444
98445
98446
98447
98448
98464
98465
98466
98471
98481
98490
98493
98371
98372
98373
98374
98375
98439
98496
98497
98498
98499
98329
98332
98335
98391
98352
98390
98467
98360
98001
98002
98003
98023
98047
98063
98071
98092
98093
98388
98401
98402
98403
98404
98405
98406
98407
98408
98409
98411
98412
98413
98415
98416
98417
98418
98419
98421
98422
98424
98431
98433
98443
98444
98445
98446
98447
98448
98464
98465
98466
98471
98481
98490
98493
98328
98321
98371
98372
98373
98374
98375
98401
98402
98403
98404
98405
98406
98407
98408
98409
98411
98412
98413
98415
98416
98417
98418
98419
98421
98422
98424
98431
98433
98443
98444
98445
98446
98447
98448
98464
98465
98466
98471
98481
98490
98493
98255
98354
98327
98580
98323
98396
98422
98385
98344
98401
98402
98403
98404
98405
98406
98407
98408
98409
98411
98412
98413
98415
98416
98417
98418
98419
98421
98422
98424
98431
98433
98443
98444
98445
98446
98447
98448
98464
98465
98466
98471
98481
98490
98493
98395
98501
98502
98503
98504
98505
98506
98507
98508
98509
98511
98512
98513
98516
98540
98599
98511
98597
98589
98530
98531
98532
98596
98565
98591
98591
98356
98564
98361
98572
98377
98593
98355
98533
98632
98626
98625
98611
98674
98581
98660
98661
98662
98663
98664
98665
98666
98668
98682
98683
98684
98685
98686
98687
98607
98604
98671
98642
98629
98675
98612
98647
98643
98621
20711
20724
20733
20751
20755
20758
20764
20765
20776
20778
20779
21012
21032
21035
21037
21054
21056
21060
21061
21062
21076
21077
21090
21098
21106
21108
21113
21114
21122
21123
21140
21144
21146
21225
21226
21240
21401
21402
21403
21404
21405
21411
21412
21013
21020
21022
21023
21027
21030
21031
21051
21052
21053
21055
21057
21071
21082
21087
21092
21093
21094
21105
21111
21117
21120
21128
21131
21133
21136
21139
21152
21153
21155
21156
21162
21163
21204
21207
21208
21219
21220
21221
21222
21227
21228
21234
21236
21237
21244
21250
21251
21252
21282
21284
21285
21286
21048
21074
21080
21088
21102
21104
21157
21158
21757
21764
21776
21784
21787
21791
21797
21901
21902
21903
21904
21911
21912
21913
21914
21915
21916
21917
21918
21919
21920
21921
21922
21930
21701
21702
21703
21704
21705
21709
21710
21714
21716
21717
21718
21727
21754
21755
21758
21759
21762
21769
21770
21771
21773
21774
21775
21777
21778
21780
21788
21790
21792
21793
21798
21001
21005
21009
21010
21014
21015
21017
21018
21028
21034
21040
21047
21050
21078
21084
21085
21130
21132
21154
21160
21161
20701
20723
20759
20763
20777
20794
21029
21036
21041
21042
21043
21044
21045
21046
21075
21150
21723
21737
21738
21765
21794
20812
20813
20814
20815
20816
20817
20818
20824
20825
20827
20830
20832
20833
20837
20838
20839
20841
20842
20847
20848
20849
20850
20851
20852
20853
20854
20855
20857
20859
20860
20861
20862
20866
20868
20871
20872
20874
20875
20876
20877
20878
20879
20880
20882
20884
20885
20886
20889
20891
20892
20894
20895
20896
20897
20898
20899
20901
20902
20903
20904
20905
20906
20907
20908
20910
20911
20912
20914
20915
20916
20918
20997
21201
21202
21203
21205
21206
21209
21210
21211
21212
21213
21214
21215
21216
21217
21218
21223
21224
21229
21230
21231
21233
21235
21239
21241
21260
21263
21264
21265
21268
21270
21273
21274
21275
21278
21279
21280
21281
21283
21287
21288
21289
21290
21297
21298
20792
97324
97326
97330
97331
97333
97339
97370
97456
97401
97402
97403
97404
97405
97408
97409
97412
97413
97419
97424
97426
97427
97430
97431
97434
97437
97438
97439
97440
97448
97451
97452
97453
97454
97455
97461
97463
97472
97477
97478
97480
97482
97487
97488
97489
97490
97492
97493
97321
97327
97329
97335
97336
97345
97348
97355
97358
97360
97374
97377
97386
97389
97446
97322
60014
60156
60142
60098
60012
60013
60102
60021
60013
60102
60021
60050
60051
60042
60097
60084
60018
60118
60110
60142
60124
60136
60010
60014
60156
60142
60098
60012
60013
60102
60021
60013
60102
60021
60050
60051
60042
60097
60084
60018
60118
60110
60142
60124
60136
60010

20711
20724
20733
20751
20755
20758
20764
20765
20776
20778
20779
21012
21032
21035
21037
21054
21056
21060
21061
21062
21076
21077
21090
21098
21106
21108
21113
21114
21122
21123
21140
21144
21146
21225
21226
21240
21401
21402
21403
21404
21405
21411
21412
21013
21020
21022
21023
21027
21030
21031
21051
21052
21053
21055
21057
21071
21082
21087
21092
21093
21094
21105
21111
21117
21120
21128
21131
21133
21136
21139
21152
21153
21155
21156
21162
21163
21204
21207
21208
21219
21220
21221
21222
21227
21228
21234
21236
21237
21244
21250
21251
21252
21282
21284
21285
21286
21048
21074
21080
21088
21102
21104
21157
21158
21757
21764
21776
21784
21787
21791
21797
21901
21902
21903
21904
21911
21912
21913
21914
21915
21916
21917
21918
21919
21920
21921
21922
21930
21701
21702
21703
21704
21705
21709
21710
21714
21716
21717
21718
21727
21754
21755
21758
21759
21762
21769
21770
21771
21773
21774
21775
21777
21778
21780
21788
21790
21792
21793
21798
21001
21005
21009
21010
21014
21015
21017
21018
21028
21034
21040
21047
21050
21078
21084
21085
21130
21132
21154
21160
21161
20701
20723
20759
20763
20777
20794
21029
21036
21041
21042
21043
21044
21045
21046
21075
21150
21723
21737
21738
21765
21794
20812
20813
20814
20815
20816
20817
20818
20824
20825
20827
20830
20832
20833
20837
20838
20839
20841
20842
20847
20848
20849
20850
20851
20852
20853
20854
20855
20857
20859
20860
20861
20862
20866
20868
20871
20872
20874
20875
20876
20877
20878
20879
20880
20882
20884
20885
20886
20889
20891
20892
20894
20895
20896
20897
20898
20899
20901
20902
20903
20904
20905
20906
20907
20908
20910
20911
20912
20914
20915
20916
20918
20997
21201
21202
21203
21205
21206
21209
21210
21211
21212
21213
21214
21215
21216
21217
21218
21223
21224
21229
21230
21231
21233
21235
21239
21241
21260
21263
21264
21265
21268
21270
21273
21274
21275
21278
21279
21280
21281
21283
21287
21288
21289
21290
21297
21298
20792
28006
28012
28016
28021
28032
28034
28051
28052
28053
28054
28055
28056
28077
28098
28101
28120
28164
28031
28036
28070
28078
28104
28105
28106
28126
28130
28134
28201
28202
28203
28204
28205
28206
28207
28208
28209
28210
28211
28212
28213
28214
28215
28216
28217
28218
28219
28220
28221
28222
28223
28224
28225
28226
28227
28228
28229
28230
28231
28232
28233
28234
28235
28236
28237
28240
28241
28242
28243
28244
28246
28247
28250
28253
28254
28255
28256
28258
28260
28261
28262
28265
28266
28269
28270
28272
28273
28274
28275
28277
28278
28280
28281
28282
28283
28284
28285
28286
28287
28288
28289
28290
28296
28297
28299
07003
07004
07006
07007
07009
07017
07018
07019
07021
07028
07039
07040
07041
07042
07043
07044
07050
07051
07052
07068
07078
07079
07101
07102
07103
07104
07105
07106
07107
07108
07109
07110
07111
07112
07114
07175
07182
07184
07188
07189
07191
07192
07193
07194
07195
07197
07198
07199
07001
07008
07064
07067
07077
07080
07095
08512
08536
08570
08810
08812
08816
08817
08818
08820
08824
08828
08830
08831
08832
08837
08840
08846
08850
08852
08854
08855
08857
08859
08861
08862
08863
08871
08872
08877
08878
08879
08882
08884
08899
08901
08902
08903
08904
08905
08906
08922
08933
08988
08989
07005
07034
07035
07045
07046
07054
07058
07082
07405
07440
07444
07457
07801
07802
07803
07806
07828
07834
07836
07842
07845
07847
07849
07850
07852
07853
07856
07857
07866
07869
07870
07876
07878
07885
07926
07927
07928
07930
07932
07933
07935
07936
07940
07945
07946
07950
07960
07961
07962
07963
07970
07976
07980
07981
07983
07999
07059
07920
07921
07924
07931
07934
07938
07939
07977
07978
08502
08504
08528
08553
08558
08805
08807
08821
08823
08835
08836
08853
08869
08873
08875
08876
08880
08890
08896
07069
08844
54603
55910
55919
55921
55922
55923
55925
55931
55935
55939
55941
55942
55943
55947
55949
55952
55954
55959
55961
55962
55965
55969
55971
55972
55974
55975
55979
55987
55988
55990
54602
54650
54601
54636
54669
54658
54614
54623
54621
54661
54644
54653
54630
54632
54627
54620
54656
54667
54642
54625
54619
54665
54624
54612
54629
54616
54648
54659
54651
54639
54615
54773
54643
54652
54670
54662
54649
54747
54660
54664
54760
54635
54622
54666
54638
54611
54634
54610
54754
54618
54637
53929
54758
54770
53962
53968
54743
53581
54738
54756
54641
54755
53950
53948
54646
54736
07010
07020
07022
07024
07026
07031
07057
07070
07071
07072
07073
07074
07075
07401
07407
07410
07417
07423
07430
07432
07436
07446
07450
07451
07452
07458
07463
07481
07495
07498
07601
07602
07603
07604
07605
07606
07607
07608
07620
07621
07624
07626
07627
07628
07630
07631
07632
07640
07641
07642
07643
07644
07645
07646
07647
07648
07649
07650
07652
07653
07656
07657
07660
07661
07662
07663
07666
07670
07675
07688
07003
07004
07006
07007
07009
07017
07018
07019
07021
07028
07039
07040
07041
07042
07043
07044
07050
07051
07052
07068
07078
07079
07101
07102
07103
07104
07105
07106
07107
07108
07109
07110
07111
07112
07114
07175
07182
07184
07188
07189
07191
07192
07193
07194
07195
07197
07198
07199
07002
07029
07030
07032
07047
07087
07093
07094
07096
07097
07099
07302
07303
07304
07305
07306
07307
07308
07309
07310
07311
07399
07830
07979
08530
08551
08556
08557
08559
08801
08803
08804
08809
08822
08825
08826
08827
08829
08833
08834
08848
08858
08867
08868
08870
08885
08887
08888
08889
07001
07008
07064
07067
07077
07080
07095
08512
08536
08570
08810
08812
08816
08817
08818
08820
08824
08828
08830
08831
08832
08837
08840
08846
08850
08852
08854
08855
08857
08859
08861
08862
08863
08871
08872
08877
08878
08879
08882
08884
08899
08901
08902
08903
08904
08905
08906
08922
08933
08988
08989
07005
07034
07035
07045
07046
07054
07058
07082
07405
07440
07444
07457
07801
07802
07803
07806
07828
07834
07836
07842
07845
07847
07849
07850
07852
07853
07856
07857
07866
07869
07870
07876
07878
07885
07926
07927
07928
07930
07932
07933
07935
07936
07940
07945
07946
07950
07960
07961
07962
07963
07970
07976
07980
07981
07983
07999
07011
07012
07013
07014
07015
07055
07403
07420
07421
07424
07435
07438
07442
07456
07465
07470
07474
07477
07480
07501
07502
07503
07504
07505
07506
07507
07508
07509
07510
07511
07512
07513
07514
07522
07524
07530
07533
07538
07543
07544
07059
07920
07921
07924
07931
07934
07938
07939
07977
07978
08502
08504
08528
08553
08558
08805
08807
08821
08823
08835
08836
08853
08869
08873
08875
08876
08880
08890
08896
07416
07418
07419
07422
07428
07439
07460
07461
07462
07821
07822
07826
07827
07837
07839
07843
07848
07851
07855
07860
07871
07874
07875
07877
07879
07881
07890
07016
07023
07027
07033
07036
07060
07061
07062
07063
07065
07066
07076
07081
07083
07088
07090
07091
07092
07201
07202
07203
07204
07205
07206
07207
07208
07901
07902
07922
07974
07820
07823
07825
07829
07831
07832
07833
07838
07840
07844
07846
07863
07865
07880
07882
08802
08808
08865
08886
07069
07086
07676
07677
08844
12851
12852
12855
12857
12858
12870
12872
12879
12883
12913
12928
12932
12936
12941
12942
12943
12944
12946
12950
12956
12960
12961
12964
12974
12975
12977
12987
12993
12996
12997
12998
10910
10912
10914
10915
10916
10917
10918
10919
10921
10922
10924
10925
10926
10928
10930
10932
10933
10940
10941
10943
10950
10953
10958
10959
10963
10969
10973
10975
10979
10981
10985
10987
10988
10990
10992
10996
10997
10998
12518
12520
12543
12549
12550
12551
12552
12553
12555
12566
12575
12577
12584
12586
12729
12739
12746
12771
12780
10509
10512
10516
10524
10537
10541
10542
10579
12563
10901
10911
10913
10920
10923
10927
10931
10952
10954
10956
10960
10962
10964
10965
10968
10970
10974
10976
10977
10980
10982
10983
10984
10986
10989
10993
10994
10995
12801
12804
12808
12810
12811
12814
12815
12817
12820
12824
12836
12843
12844
12845
12846
12853
12856
12860
12862
12874
12878
12885
12886
10501
10502
10503
10504
10505
10506
10507
10510
10511
10514
10517
10518
10519
10520
10521
10522
10523
10526
10527
10528
10530
10532
10533
10535
10536
10538
10540
10543
10545
10546
10547
10548
10549
10550
10551
10552
10553
10557
10558
10559
10560
10562
10566
10567
10570
10571
10572
10573
10576
10577
10578
10580
10581
10583
10587
10588
10589
10590
10591
10592
10594
10595
10596
10597
10598
10601
10602
10603
10604
10605
10606
10607
10610
10625
10629
10633
10650
10701
10702
10703
10704
10705
10706
10707
10708
10709
10710
10801
10802
10803
10804
10805
07726
07731
07728
07735
07740
07727
07733
07760
07722
07715
07719
07751
07755
07720
07762
07723
07746
07748
57010
57037
57044
57069
57073
57013
57027
57032
57034
57039
57064
57077
57003
57005
57018
57020
57022
57030
57033
57035
57041
57055
57056
57068
57101
57103
57104
57105
57106
57107
57108
57109
57110
57115
57117
57118
57188
57189
57192
57193
57194
57195
57196
57197
57198
57014
57015
57021
57036
57043
57047
57053
57070
57301
57334
57363
57313
57328
57330
57344
57364
57311
57332
57340
57029
57045
57052
57331
57354
57366
57376
57012
57048
57058
57319
57374
57001
57004
57025
57038
57049
57031
57040
57046
57067
57072
57078
57079
57368
57375
57383
57002
57006
57007
57026
57061
57071
57220
57276
57201
57202
57235
57243
57245
57263
57272
57213
57218
57226
57237
57238
57268
57221
57223
57234
57241
57242
57248
57051
57212
57214
57231
57233
57244
57249
57353
57016
57042
57050
57054
57057
57075
57076
57321
57323
57337
57349
57017
57024
57028
57065
57074
57314
57359
57385
51006
51020
51025
51431
51445
51230
51235
51237
51240
51241
51242
51243
51246
51010
51034
51040
51051
51059
51060
51063
51523
51558
51572
51001
51008
51017
51024
51028
51031
51038
51045
51050
51057
51062
51003
51011
51022
51023
51027
51036
51041
51234
51238
51239
51244
51247
51250
51004
51007
51015
51016
51018
51019
51026
51030
51039
51044
51048
51052
51054
51055
51056
51101
51102
51103
51104
51105
51106
51108
51109
51111
50510
50565
50568
50576
50585
50588
50592
51002
51033
51047
51301
51333
51338
51340
51341
51343
51357
51366
51331
51347
51351
51355
51360
51363
51364
51009
51046
51058
51201
51231
51245
51248
51346
51232
51249
51330
51345
51349
51350
51354
50515
50527
50528
50536
50562
50597
51342
51358
56101
56118
56145
56159
56174
56183
56111
56137
56143
56150
56161
56113
56136
56142
56149
56178
56115
56132
56157
56169
56175
56229
56239
56258
56264
56291
56114
56122
56123
56125
56131
56141
56151
56172
56110
56117
56119
56129
56153
56155
56165
56167
56168
56185
56187
56128
56139
56140
56144
56164
56170
56177
56186
56116
56134
56138
56146
56147
56156
56158
56173
78008
78011
78012
78026
78050
78052
78053
78062
78064
78065
78002
78015
78023
78054
78069
78073
78101
78109
78112
78148
78150
78152
78201
78202
78203
78204
78205
78206
78207
78208
78209
78210
78211
78212
78213
78214
78215
78216
78217
78218
78219
78220
78221
78222
78223
78224
78225
78226
78227
78228
78229
78230
78231
78232
78233
78234
78235
78236
78237
78238
78239
78240
78241
78242
78243
78244
78245
78246
78247
78248
78249
78250
78251
78252
78253
78254
78255
78256
78257
78258
78259
78260
78261
78262
78263
78264
78265
78268
78269
78270
78275
78278
78279
78280
78283
78284
78285
78286
78287
78288
78289
78291
78292
78293
78294
78295
78296
78297
78298
78299
78009
78016
78039
78056
78059
78066
78850
78861
78886
31034
31061
31062
31052
31201
31202
31203
31204
31205
31206
31207
31208
31209
31210
31211
31212
31213
31216
31217
31220
31221
31294
31295
31296
31297
31298
31299
31050
31066
31078
30028
30040
30041
31005
31013
31025
31028
31047
31069
31088
31093
31095
31098
31099
31032
31033
30204
30257
31041
31057
31068
31008
31030
30212
30223
30224
30266
30284
31017
31020
31044
30285
30286
31097
31003
31031
31042
31054
31090
28601
28602
28603
28609
28610
28613
28650
28658
28673
28682
28781
28901
28903
28905
28906
28017
28020
28038
28042
28073
28086
28089
28090
28114
28136
28150
28151
28152
28169
28006
28012
28016
28021
28032
28034
28051
28052
28053
28054
28055
28056
28077
28098
28101
28120
28164
28010
28115
28117
28123
28166
28625
28634
28660
28677
28687
28688
28689
28699
28033
28037
28080
28092
28093
28168
28031
28036
28070
28078
28104
28105
28106
28126
28130
28134
28201
28202
28203
28204
28205
28206
28207
28208
28209
28210
28211
28212
28213
28214
28215
28216
28217
28218
28219
28220
28221
28222
28223
28224
28225
28226
28227
28228
28229
28230
28231
28232
28233
28234
28235
28236
28237
28240
28241
28242
28243
28244
28246
28247
28250
28253
28254
28255
28256
28258
28260
28261
28262
28265
28266
28269
28270
28272
28273
28274
28275
28277
28278
28280
28281
28282
28283
28284
28285
28286
28287
28288
28289
28290
28296
28297
28299
28018
28019
28024
28040
28043
28074
28076
28139
28160
28167
28720
28746
28079
28103
28108
28110
28111
28112
28173
28174
29340
29341
29342
29702
29031
29321
29353
29364
29379
29703
29704
29708
29710
29715
29716
29717
29726
29730
29731
29732
29733
29734
29742
29743
29745
75002
75009
75013
75023
75024
75025
75026
75034
75035
75069
75070
75071
75074
75075
75078
75086
75093
75094
75097
75121
75164
75166
75173
75407
75409
75424
75442
75454
75485
75001
75006
75011
75014
75015
75016
75017
75019
75030
75037
75038
75039
75040
75041
75042
75043
75044
75045
75046
75047
75048
75049
75050
75051
75052
75053
75054
75060
75061
75062
75063
75080
75081
75082
75083
75085
75088
75089
75098
75099
75104
75106
75115
75116
75123
75134
75137
75138
75141
75146
75149
75150
75159
75172
75180
75181
75182
75185
75187
75201
75202
75203
75204
75205
75206
75207
75208
75209
75210
75211
75212
75214
75215
75216
75217
75218
75219
75220
75221
75222
75223
75224
75225
75226
75227
75228
75229
75230
75231
75232
75233
75234
75235
75236
75237
75238
75239
75240
75241
75242
75243
75244
75245
75246
75247
75248
75249
75250
75251
75252
75253
75254
75258
75260
75261
75262
75263
75264
75265
75266
75267
75270
75275
75277
75283
75284
75285
75286
75287
75294
75295
75301
75303
75310
75312
75313
75315
75320
75323
75326
75336
75339
75342
75346
75350
75353
75354
75355
75356
75357
75359
75360
75363
75364
75367
75368
75370
75371
75372
75373
75374
75376
75378
75379
75380
75381
75382
75386
75387
75388
75389
75390
75391
75392
75393
75394
75395
75396
75397
75398
75020
75021
75058
75076
75090
75091
75092
75414
75459
75489
75491
75495
76233
76245
76264
76268
76271
76273
79084
76001
76002
76003
76004
76005
76006
76007
76010
76011
76012
76013
76014
76015
76016
76017
76018
76019
76020
76021
76022
76034
76036
76039
76040
76051
76052
76053
76054
76060
76063
76092
76094
76095
76096
76099
76101
76102
76103
76104
76105
76106
76107
76108
76109
76110
76111
76112
76113
76114
76115
76116
76117
76118
76119
76120
76121
76122
76123
76124
76126
76127
76129
76130
76131
76132
76133
76134
76135
76136
76137
76140
76147
76148
76150
76155
76161
76162
76163
76164
76177
76178
76179
76180
76181
76182
76185
76191
76192
76193
76195
76196
76197
76198
76199
76244
76248
06001
06002
06006
06010
06011
06013
06016
06019
06020
06022
06023
06025
06026
06027
06028
06030
06032
06033
06034
06035
06037
06040
06041
06045
06049
06050
06051
06052
06053
06059
06060
06062
06064
06067
06070
06073
06074
06078
06080
06081
06082
06083
06085
06087
06088
06089
06090
06091
06092
06093
06095
06096
06101
06102
06103
06104
06105
06106
06107
06108
06109
06110
06111
06112
06114
06115
06117
06118
06119
06120
06123
06126
06127
06128
06129
06131
06132
06133
06134
06137
06138
06140
06141
06142
06143
06144
06145
06146
06147
06150
06151
06152
06153
06154
06155
06156
06160
06161
06167
06176
06180
06183
06199
06444
06447
06467
06479
06489
06409
06412
06413
06414
06416
06417
06419
06422
06423
06424
06426
06438
06441
06442
06455
06456
06457
06459
06469
06475
06480
06481
06498
06249
06254
06320
06330
06333
06334
06335
06336
06337
06339
06340
06349
06350
06351
06353
06355
06357
06359
06360
06365
06370
06371
06372
06375
06376
06378
06379
06380
06382
06383
06384
06385
06386
06388
06389
06415
06420
06439
06474
06029
06043
06066
06071
06072
06075
06076
06077
06084
06231
06232
06237
06238
06248
06250
06251
06265
06268
06269
06279
06226
06230
06233
06234
06235
06239
06241
06242
06243
06244
06245
06246
06247
06255
06256
06258
06259
06260
06262
06263
06264
06266
06267
06277
06278
06280
06281
06282
06331
06332
06354
06373
06374
06377
06387
75002
75009
75013
75023
75024
75025
75026
75034
75035
75069
75070
75071
75074
75075
75078
75086
75093
75094
75097
75121
75164
75166
75173
75407
75409
75424
75442
75454
75485
76238
76240
76241
76250
76252
76253
76263
76272
75001
75006
75011
75014
75015
75016
75017
75019
75030
75037
75038
75039
75040
75041
75042
75043
75044
75045
75046
75047
75048
75049
75050
75051
75052
75053
75054
75060
75061
75062
75063
75080
75081
75082
75083
75085
75088
75089
75098
75099
75104
75106
75115
75116
75123
75134
75137
75138
75141
75146
75149
75150
75159
75172
75180
75181
75182
75185
75187
75201
75202
75203
75204
75205
75206
75207
75208
75209
75210
75211
75212
75214
75215
75216
75217
75218
75219
75220
75221
75222
75223
75224
75225
75226
75227
75228
75229
75230
75231
75232
75233
75234
75235
75236
75237
75238
75239
75240
75241
75242
75243
75244
75245
75246
75247
75248
75249
75250
75251
75252
75253
75254
75258
75260
75261
75262
75263
75264
75265
75266
75267
75270
75275
75277
75283
75284
75285
75286
75287
75294
75295
75301
75303
75310
75312
75313
75315
75320
75323
75326
75336
75339
75342
75346
75350
75353
75354
75355
75356
75357
75359
75360
75363
75364
75367
75368
75370
75371
75372
75373
75374
75376
75378
75379
75380
75381
75382
75386
75387
75388
75389
75390
75391
75392
75393
75394
75395
75396
75397
75398
75007
75008
75010
75022
75027
75028
75029
75056
75057
75065
75067
75068
75077
76201
76202
76203
76204
76205
76206
76207
76208
76209
76210
76226
76227
76247
76249
76258
76259
76262
76266
76299
75101
75119
75120
75125
75152
75154
75155
75165
75167
75168
76041
76064
76065
76623
76651
76670
76401
76402
76433
76446
76461
76465
75413
75418
75438
75439
75443
75446
75447
75449
75452
75475
75476
75479
75488
75490
75492
75020
75021
75058
75076
75090
75091
75092
75414
75459
75489
75491
75495
76233
76245
76264
76268
76271
76273
76035
76048
76049
76462
76467
76476
75135
75401
75402
75403
75404
75422
75423
75428
75429
75453
75458
75474
75496
76009
76028
76031
76033
76044
76050
76058
76059
76061
76084
76093
76097
75114
75118
75126
75142
75147
75157
75158
75160
75161
76067
76068
76449
76453
76463
76472
76475
76484
76008
76066
76082
76085
76086
76087
76088
76098
76439
76485
76487
76490
75032
75087
75132
75189
79084
76043
76070
76077
76001
76002
76003
76004
76005
76006
76007
76010
76011
76012
76013
76014
76015
76016
76017
76018
76019
76020
76021
76022
76034
76036
76039
76040
76051
76052
76053
76054
76060
76063
76092
76094
76095
76096
76099
76101
76102
76103
76104
76105
76106
76107
76108
76109
76110
76111
76112
76113
76114
76115
76116
76117
76118
76119
76120
76121
76122
76123
76124
76126
76127
76129
76130
76131
76132
76133
76134
76135
76136
76137
76140
76147
76148
76150
76155
76161
76162
76163
76164
76177
76178
76179
76180
76181
76182
76185
76191
76192
76193
76195
76196
76197
76198
76199
76244
76248
76023
76071
76073
76078
76225
76234
76246
76267
76426
76431
75002
75009
75013
75023
75024
75025
75026
75034
75035
75069
75070
75071
75074
75075
75078
75086
75093
75094
75097
75121
75164
75166
75173
75407
75409
75424
75442
75454
75485
75001
75006
75011
75014
75015
75016
75017
75019
75030
75037
75038
75039
75040
75041
75042
75043
75044
75045
75046
75047
75048
75049
75050
75051
75052
75053
75054
75060
75061
75062
75063
75080
75081
75082
75083
75085
75088
75089
75098
75099
75104
75106
75115
75116
75123
75134
75137
75138
75141
75146
75149
75150
75159
75172
75180
75181
75182
75185
75187
75201
75202
75203
75204
75205
75206
75207
75208
75209
75210
75211
75212
75214
75215
75216
75217
75218
75219
75220
75221
75222
75223
75224
75225
75226
75227
75228
75229
75230
75231
75232
75233
75234
75235
75236
75237
75238
75239
75240
75241
75242
75243
75244
75245
75246
75247
75248
75249
75250
75251
75252
75253
75254
75258
75260
75261
75262
75263
75264
75265
75266
75267
75270
75275
75277
75283
75284
75285
75286
75287
75294
75295
75301
75303
75310
75312
75313
75315
75320
75323
75326
75336
75339
75342
75346
75350
75353
75354
75355
75356
75357
75359
75360
75363
75364
75367
75368
75370
75371
75372
75373
75374
75376
75378
75379
75380
75381
75382
75386
75387
75388
75389
75390
75391
75392
75393
75394
75395
75396
75397
75398
75007
75008
75010
75022
75027
75028
75029
75056
75057
75065
75067
75068
75077
76201
76202
76203
76204
76205
76206
76207
76208
76209
76210
76226
76227
76247
76249
76258
76259
76262
76266
76299
75034
75033
75035
75060
75070
75071
75013
75025
75023
75075
75287
75252
75074
75002
75081
75044
75042
75240
75007
75006
75024
75080
75205
75063
75039
75061
75060
75056
28601
28602
28603
28609
28610
28613
28650
28658
28673
28682
28781
28901
28903
28905
28906
28017
28020
28038
28042
28073
28086
28089
28090
28114
28136
28150
28151
28152
28169
28006
28012
28016
28021
28032
28034
28051
28052
28053
28054
28055
28056
28077
28098
28101
28120
28164
28010
28115
28117
28123
28166
28625
28634
28660
28677
28687
28688
28689
28699
28033
28037
28080
28092
28093
28168
28031
28036
28070
28078
28104
28105
28106
28126
28130
28134
28201
28202
28203
28204
28205
28206
28207
28208
28209
28210
28211
28212
28213
28214
28215
28216
28217
28218
28219
28220
28221
28222
28223
28224
28225
28226
28227
28228
28229
28230
28231
28232
28233
28234
28235
28236
28237
28240
28241
28242
28243
28244
28246
28247
28250
28253
28254
28255
28256
28258
28260
28261
28262
28265
28266
28269
28270
28272
28273
28274
28275
28277
28278
28280
28281
28282
28283
28284
28285
28286
28287
28288
28289
28290
28296
28297
28299
28018
28019
28024
28040
28043
28074
28076
28139
28160
28167
28720
28746
28001
28002
28009
28097
28109
28127
28128
28129
28137
28163
28079
28103
28108
28110
28111
28112
28173
28174
29340
29341
29342
29702
29601
29602
29603
29604
29605
29606
29607
29608
29609
29610
29611
29612
29613
29614
29615
29616
29617
29635
29636
29644
29650
29651
29652
29661
29662
29673
29680
29681
29683
29687
29688
29690
29031
29321
29353
29364
29379
29703
29704
29708
29710
29715
29716
29717
29726
29730
29731
29732
29733
29734
29742
29743
29745
28086
28052
28054
28056
28098
28202
28203
28204
28205
28207
28209
28210
28211
28226
28277
28105
29708
73014
73022
73036
73064
73078
73085
73090
73099
74727
74735
74738
74743
74756
74759
74760
74761
73019
73026
73051
73068
73069
73070
73071
73072
73139
73160
73165
73170
73173
73061
73077
73757
74630
74644
74651
73003
73007
73008
73013
73020
73034
73045
73049
73054
73066
73083
73084
73097
73101
73102
73103
73104
73105
73106
73107
73108
73109
73110
73111
73112
73113
73114
73115
73116
73117
73118
73119
73120
73121
73122
73123
73124
73125
73126
73127
73128
73129
73130
73131
73132
73134
73135
73136
73137
73140
73141
73142
73143
73144
73145
73146
73147
73148
73149
73150
73151
73152
73153
73154
73155
73156
73157
73159
73162
73163
73164
73167
73169
73172
73177
73178
73179
73180
73184
73185
73189
73190
73193
73194
73196
73197
73198
73199
74857