07726
07731
07728
07735
07740
07727
07733
07760
07722
07715
07719
07751
07755
07720
07762
07723
07746
07748
57010
57037
57044
57069
57073
57013
57027
57032
57034
57039
57064
57077
57003
57005
57018
57020
57022
57030
57033
57035
57041
57055
57056
57068
57101
57103
57104
57105
57106
57107
57108
57109
57110
57115
57117
57118
57188
57189
57192
57193
57194
57195
57196
57197
57198
57014
57015
57021
57036
57043
57047
57053
57070
57301
57334
57363
57313
57328
57330
57344
57364
57311
57332
57340
57029
57045
57052
57331
57354
57366
57376
57012
57048
57058
57319
57374
57001
57004
57025
57038
57049
57031
57040
57046
57067
57072
57078
57079
57368
57375
57383
57002
57006
57007
57026
57061
57071
57220
57276
57201
57202
57235
57243
57245
57263
57272
57213
57218
57226
57237
57238
57268
57221
57223
57234
57241
57242
57248
57051
57212
57214
57231
57233
57244
57249
57353
57016
57042
57050
57054
57057
57075
57076
57321
57323
57337
57349
57017
57024
57028
57065
57074
57314
57359
57385
51006
51020
51025
51431
51445
51230
51235
51237
51240
51241
51242
51243
51246
51010
51034
51040
51051
51059
51060
51063
51523
51558
51572
51001
51008
51017
51024
51028
51031
51038
51045
51050
51057
51062
51003
51011
51022
51023
51027
51036
51041
51234
51238
51239
51244
51247
51250
51004
51007
51015
51016
51018
51019
51026
51030
51039
51044
51048
51052
51054
51055
51056
51101
51102
51103
51104
51105
51106
51108
51109
51111
50510
50565
50568
50576
50585
50588
50592
51002
51033
51047
51301
51333
51338
51340
51341
51343
51357
51366
51331
51347
51351
51355
51360
51363
51364
51009
51046
51058
51201
51231
51245
51248
51346
51232
51249
51330
51345
51349
51350
51354
50515
50527
50528
50536
50562
50597
51342
51358
56101
56118
56145
56159
56174
56183
56111
56137
56143
56150
56161
56113
56136
56142
56149
56178
56115
56132
56157
56169
56175
56229
56239
56258
56264
56291
56114
56122
56123
56125
56131
56141
56151
56172
56110
56117
56119
56129
56153
56155
56165
56167
56168
56185
56187
56128
56139
56140
56144
56164
56170
56177
56186
56116
56134
56138
56146
56147
56156
56158
56173
31034
31061
31062
31052
31201
31202
31203
31204
31205
31206
31207
31208
31209
31210
31211
31212
31213
31216
31217
31220
31221
31294
31295
31296
31297
31298
31299
31050
31066
31078
30028
30040
30041
31005
31013
31025
31028
31047
31069
31088
31093
31095
31098
31099
31032
31033
30204
30257
31041
31057
31068
31008
31030
30212
30223
30224
30266
30284
31017
31020
31044
30285
30286
31097
31003
31031
31042
31054
31090
91356
91357
91316
91416
91426
91371
91436
91364
91335
91385
91337
91365
91396
91367
91306
91406
91303
91305
91308
91309
91403
91495
91411
91327
91328
91329
91372
90272
91413
91325
90290
90049
91324
91404
91407
91408
91409
91410
91470
91482
91496
91499
91330
90077
91423
91405
91401
91343
91304
91302
91412
91394
91313
91402
90210
90095
91607
91346
91395
91307
90073
90084
90402
91326
90024
91604
91606
90403
90264
91605
91345
91311
90025
91603
91609
91610
91611
91612
91614
91615
91616
91617
91618
90404
91344
90406
90407
90408
90409
90410
90411
90209
90213
90401
91333
90067
91331
91601
91602
90069
90212
90064
90046
91341
90405
91353
91608
91340
93064
90211
90048
91505
90035
91392
91522
90291
90034
90068
91523
90263
90294
91301
93063
90066
90036
91521
90231
90233
91352
91377
90232
91506
91376
91504
90028
92247
92248
90038
90295
90292
91502
91503
91507
91508
91510
91526
93099
90230
90016
90019
91501
93094
90094
90004
91201
90020
90010
90027
90056
91321
90005
91393
90029
90265
90008
90296
91381
91382
90293
90018
91362
91322
91041
91040
91202
91203
93062
90045
91043
93065
90006
91204
91210
91207
91358
91359
91209
91221
91222
91224
91225
91226
90043
90302
90057
90039
90070
90062
90026
91208
90301
90306
90307
90308
90309
90310
90312
90089
90311
91205
90007
90017
90015
91214
91046
91334
90037
90071
90090
90099
90305
91380
90189
90245
90065
91020
90014
90012
90304
91355
91350
91206
90030
90050
90051
90052
90053
90054
90055
90060
90072
90074
90075
90076
90078
90080
90081
90082
90083
90086
90087
90088
90093
90009
91021
90079
91361
90013
91383
91386
90011
91342
90047
90031
90021
90041
91360
90303
91042
91351
90251
90096
91012
90267
90266
90044
91387
90250
90261
90003
90042
90033
91354
93021
91319
93020
90001
90260
91103
91105
90032
90254
90278
90058
90063
90249
90023
91123
90002
90506
91030
90061
90255
91031
90247
91310
91102
91109
91110
91114
91115
91116
91117
91118
91121
91124
91125
91126
91129
91182
91184
91185
91188
91189
90504
93040
91101
90270
90059
91001
91803
91106
91754
91003
91801
90248
91804
90277
90022
91104
91802
91896
91899
90222
91199
90503
91714
91715
91320
91716
93015
91108
93012
90091
90201
72003
72026
72038
72042
72048
72055
72073
72140
72160
72166
71635
71642
71646
71658
71661
71663
71676
72537
72544
72617
72623
72626
72635
72642
72651
72653
72654
72658
72659
72711
72712
72714
72715
72716
72718
72719
72722
72732
72733
72734
72736
72739
72745
72747
72751
72756
72757
72758
72761
72768
72601
72602
72611
72615
72630
72633
72644
72662
72682
71631
71647
71651
71671
71744
71745
71766
71767
72613
72616
72631
72632
72638
72660
71638
71640
71649
71653
71721
71728
71743
71772
71920
71921
71923
71962
71998
71999
72422
72424
72430
72435
72441
72453
72454
72456
72461
72464
72470
72044
72067
72130
72131
72179
72523
72530
72543
72545
72546
72581
71652
71660
71665
71740
71752
71753
71754
71769
71770
71861
72027
72030
72063
72080
72107
72110
72127
72156
72157
72401
72402
72403
72404
72411
72414
72416
72417
72419
72421
72427
72437
72447
72467
72921
72932
72934
72935
72946
72947
72948
72952
72955
72956
72957
72301
72303
72325
72327
72331
72332
72339
72364
72376
72384
72314
72324
72347
72373
72385
72387
72396
72397
71725
71742
71748
71763
71630
71639
71654
71662
71666
71670
71674
72379
71650
71655
71656
71657
71675
71677
72032
72033
72034
72035
72039
72047
72058
72061
72106
72111
72173
72181
72820
72821
72928
72930
72933
72949
72515
72520
72531
72538
72539
72554
72557
72576
72578
72583
71901
71902
71903
71909
71910
71913
71914
71949
71951
71956
71964
71968
72087
72057
72084
72128
72129
72150
72412
72425
72436
72439
72443
72450
72451
72474
71801
71802
71825
71831
71838
71847
71855
71862
71929
71933
71941
71942
72104
72105
71833
71851
71852
71859
71971
72165
72501
72503
72522
72524
72526
72527
72534
72550
72553
72562
72564
72568
72571
72575
72579
72512
72516
72517
72519
72528
72536
72540
72556
72561
72565
72566
72573
72584
72585
72587
72005
72014
72043
72075
72112
72169
72431
72471
72473
71601
71602
71603
71611
71612
71613
71659
72004
72079
72132
72133
72152
72168
72175
72182
72830
72832
72839
72840
72845
72846
72852
72854
71826
71827
71839
71845
71860
72410
72415
72433
72434
72440
72445
72457
72458
72459
72465
72466
72469
72476
72572
72311
72320
72341
72352
72360
72368
71643
71644
71667
71678
71820
71822
71836
71853
71865
71866
72826
72835
72851
72855
72863
72865
72927
72943
72951
72007
72023
72024
72037
72046
72072
72083
72086
72176
72721
72738
72740
72742
72752
72760
72773
72776
72619
72634
72661
72668
72672
72677
72687
71834
71837
71840
71854
72310
72313
72315
72316
72319
72321
72329
72330
72338
72350
72351
72358
72370
72381
72391
72395
72426
72428
72438
72442
72021
72029
72069
72108
72134
71935
71957
71960
71961
71965
71966
71969
71970
71722
71828
71835
71844
71857
71858
71864
72624
72628
72640
72641
72648
72655
72666
72670
72683
72685
71701
71711
71720
71726
71751
71764
72001
72016
72025
72070
72125
72126
72312
72328
72333
72342
72353
72355
72366
72367
72369
72374
72383
72389
72390
71922
71940
71943
71950
71952
71958
71959
72354
72365
72377
72386
72429
72432
72472
72475
72479
71932
71937
71944
71945
71946
71953
71972
71973
72679
72801
72802
72811
72812
72823
72837
72843
72847
72856
72858
72017
72040
72041
72064
72066
72170
72002
72053
72065
72076
72078
72099
72103
72113
72114
72115
72116
72117
72118
72119
72120
72124
72135
72142
72164
72180
72183
72190
72199
72201
72202
72203
72204
72205
72206
72207
72209
72210
72211
72212
72214
72215
72216
72217
72219
72221
72222
72223
72225
72227
72231
72295
72413
72444
72449
72455
72460
72462
72478
72322
72326
72335
72336
72340
72346
72348
72359
72372
72392
72394
72011
72015
72018
72022
72089
72122
72158
72167
72841
72924
72926
72944
72950
72958
72636
72639
72645
72650
72669
72675
72686
72901
72902
72903
72904
72905
72906
72908
72913
72914
72916
72917
72918
72919
72923
72936
72937
72938
72940
72941
72945
71823
71832
71841
71842
71846
72482
72513
72521
72525
72529
72532
72542
72569
72577
72051
72533
72555
72560
72567
72610
72657
72663
72680
71724
71730
71731
71747
71749
71750
71758
71759
71762
71765
71768
72013
72028
72031
72088
72141
72153
72629
72701
72702
72703
72704
72717
72727
72728
72729
72730
72735
72737
72741
72744
72749
72753
72762
72764
72765
72766
72769
72770
72774
72959
72010
72012
72020
72045
72052
72060
72068
72081
72082
72085
72102
72121
72136
72137
72139
72143
72145
72149
72178
72006
72036
72059
72071
72074
72101
72123
72189
72824
72827
72828
72829
72833
72834
72838
72842
72853
72857
72860
71634
71931
72009
72019
72159
72198
72208
72224
72260
72297
72317
72323
72378
72612
72618
72767
72775
72822
72844
72867