85374
90004
90005
90006
90007
90008
90010
90012
90015
90016
90017
90018
90019
90020
90024
90025
90026
90027
90028
90029
90034
90035
90036
90038
90039
90041
90046
90048
90049
90056
90057
90062
90064
90065
90066
90067
90068
90069
90070
90071
90073
90077
90084
90089
90090
90094
90095
90099
90189
90209
90210
90211
90212
90213
90230
90231
90232
90233
90263
90264
90272
90290
90291
90292
90294
90295
90401
90402
90403
90404
90405
90406
90407
90408
90409
90410
90411
91012
91020
91021
91040
91041
91042
91043
91046
91201
91202
91203
91204
91205
91206
91207
91208
91209
91210
91214
91221
91222
91224
91225
91226
91301
91302
91303
91304
91305
91306
91307
91308
91309
91311
91313
91316
91321
91322
91324
91325
91326
91327
91328
91329
91330
91331
91333
91334
91335
91337
91340
91341
91342
91343
91344
91345
91346
91350
91351
91352
91353
91355
91356
91357
91364
91365
91367
91371
91372
91376
91377
91380
91381
91382
91383
91385
91386
91387
91392
91393
91394
91395
91396
91401
91402
91403
91404
91405
91406
91407
91408
91409
91410
91411
91412
91413
91416
91423
91426
91436
91470
91482
91495
91496
91499
91501
91502
91503
91504
91505
91506
91507
91508
91510
91521
91522
91523
91526
91601
91602
91603
91604
91605
91606
91607
91608
91609
91610
91611
91612
91614
91615
91616
91617
91618
92247
92248
93063
93064
93094
93099
75002
75009
75013
75023
75024
75025
75026
75034
75035
75069
75070
75071
75074
75075
75078
75086
75093
75094
75097
75121
75164
75166
75173
75407
75409
75424
75442
75454
75485
76238
76240
76241
76250
76252
76253
76263
76272
75001
75006
75011
75014
75015
75016
75017
75019
75030
75037
75038
75039
75040
75041
75042
75043
75044
75045
75046
75047
75048
75049
75050
75051
75052
75053
75054
75060
75061
75062
75063
75080
75081
75082
75083
75085
75088
75089
75098
75099
75104
75106
75115
75116
75123
75134
75137
75138
75141
75146
75149
75150
75159
75172
75180
75181
75182
75185
75187
75201
75202
75203
75204
75205
75206
75207
75208
75209
75210
75211
75212
75214
75215
75216
75217
75218
75219
75220
75221
75222
75223
75224
75225
75226
75227
75228
75229
75230
75231
75232
75233
75234
75235
75236
75237
75238
75239
75240
75241
75242
75243
75244
75245
75246
75247
75248
75249
75250
75251
75252
75253
75254
75258
75260
75261
75262
75263
75264
75265
75266
75267
75270
75275
75277
75283
75284
75285
75286
75287
75294
75295
75301
75303
75310
75312
75313
75315
75320
75323
75326
75336
75339
75342
75346
75350
75353
75354
75355
75356
75357
75359
75360
75363
75364
75367
75368
75370
75371
75372
75373
75374
75376
75378
75379
75380
75381
75382
75386
75387
75388
75389
75390
75391
75392
75393
75394
75395
75396
75397
75398
75007
75008
75010
75022
75027
75028
75029
75056
75057
75065
75067
75068
75077
76201
76202
76203
76204
76205
76206
76207
76208
76209
76210
76226
76227
76247
76249
76258
76259
76262
76266
76299
75101
75119
75120
75125
75152
75154
75155
75165
75167
75168
76041
76064
76065
76623
76651
76670
75020
75021
75058
75076
75090
75091
75092
75414
75459
75489
75491
75495
76233
76245
76264
76268
76271
76273
76009
76028
76031
76033
76044
76050
76058
76059
76061
76084
76093
76097
75114
75118
75126
75142
75147
75157
75158
75160
75161
75032
75087
75132
75189
76001
76002
76003
76004
76005
76006
76007
76010
76011
76012
76013
76014
76015
76016
76017
76018
76019
76020
76021
76022
76034
76036
76039
76040
76051
76052
76053
76054
76060
76063
76092
76094
76095
76096
76099
76101
76102
76103
76104
76105
76106
76107
76108
76109
76110
76111
76112
76113
76114
76115
76116
76117
76118
76119
76120
76121
76122
76123
76124
76126
76127
76129
76130
76131
76132
76133
76134
76135
76136
76137
76140
76147
76148
76150
76155
76161
76162
76163
76164
76177
76178
76179
76180
76181
76182
76185
76191
76192
76193
76195
76196
76197
76198
76199
76244
76248
01431
01432
01450
01460
01463
01464
01469
01470
01471
01472
01474
01701
01702
01703
01704
01705
01718
01719
01720
01721
01730
01731
01741
01742
01746
01748
01749
01752
01754
01760
01770
01773
01775
01776
01778
01784
01801
01803
01805
01806
01807
01808
01813
01815
01821
01822
01824
01826
01827
01850
01851
01852
01853
01854
01862
01863
01864
01865
01866
01867
01876
01879
01880
01886
01887
01888
01889
01890
02138
02139
02140
02141
02142
02143
02144
02145
02148
02149
02153
02154
02155
02156
02158
02159
02160
02161
02162
02164
02165
02166
02167
02168
02172
02173
02174
02175
02176
02177
02178
02179
02180
02193
02195
02212
02238
02239
02254
02258
02272
02277
02420
02421
02451
02452
02453
02454
02456
02458
02459
02460
02461
02462
02464
02465
02466
02467
02468
02471
02472
02474
02475
02476
02477
02478
02479
02493
02495
02019
02021
02025
02026
02027
02030
02032
02035
02038
02052
02053
02054
02056
02062
02067
02070
02071
02072
02081
02090
02093
02146
02147
02157
02169
02170
02171
02181
02184
02185
02186
02187
02188
02189
02190
02191
02192
02194
02269
02322
02343
02368
02445
02446
02447
02457
02481
02482
02492
02494
02762
02101
02102
02103
02104
02105
02106
02107
02108
02109
02110
02111
02112
02113
02114
02115
02116
02117
02118
02119
02120
02121
02122
02123
02124
02125
02126
02127
02128
02129
02130
02131
02132
02133
02134
02135
02136
02137
02150
02151
02152
02163
02196
02199
02201
02202
02203
02204
02205
02206
02207
02208
02209
02210
02211
02215
02216
02217
02222
02241
02266
02283
02284
02293
02295
02297
01005
01031
01037
01068
01074
01083
01092
01094
01331
01366
01368
01420
01430
01436
01438
01440
01441
01451
01452
01453
01462
01467
01468
01473
01475
01477
01501
01503
01504
01505
01506
01507
01508
01509
01510
01515
01516
01517
01518
01519
01520
01522
01523
01524
01525
01526
01527
01529
01531
01532
01534
01535
01536
01537
01538
01540
01541
01542
01543
01545
01546
01550
01560
01561
01562
01564
01566
01568
01569
01570
01571
01580
01581
01582
01583
01585
01586
01588
01590
01601
01602
01603
01604
01605
01606
01607
01608
01609
01610
01611
01612
01613
01614
01615
01653
01654
01655
01740
01745
01747
01756
01757
01772
01434
40201
40202
40203
40204
40205
40206
40207
40208
40209
40214
40218
40210
40211
40212
40213
40215
40216
40217
40219
40220
40221
40222
40223
40224
40225
40228
40231
40232
40233
40241
40242
40229
40243
40250
40251
40252
40253
40255
40245
40256
40257
40261
40266
40268
40272
40282
40285
40291
40292
40258
40259
40269
40270
40280
40281
40283
40287
40289
40290
40293
40294
40295
40296
40297
40298
40299
40502
40503
40504
40505
40510
40511
40512
40513
40514
40524
40526
40533
40536
40550
40555
40574
40575
40576
40506
40507
40508
40509
40515
40516
40517
40522
40523
40544
40546
40577
40578
40579
40580
40581
40582
40583
40588
40591
40598
80011
80019
80022
80024
80030
80031
80035
80036
80037
80040
80042
80045
80102
80136
80137
80221
80229
80233
80234
80241
80260
80601
80602
80603
80614
80640
80010
80012
80013
80014
80015
80016
80017
80018
80041
80044
80046
80047
80103
80105
80110
80111
80112
80120
80121
80122
80150
80151
80154
80155
80160
80161
80165
80166
80020
80025
80026
80027
80028
80038
80301
80302
80303
80304
80305
80306
80307
80308
80309
80310
80314
80321
80322
80323
80328
80329
80455
80466
80471
80481
80501
80502
80503
80510
80533
80540
80544
80201
80202
80203
80204
80205
80206
80207
80208
80209
80210
80211
80212
80216
80217
80218
80219
80220
80222
80223
80224
80227
80230
80231
80235
80236
80237
80238
80239
80243
80244
80246
80248
80249
80250
80251
80252
80254
80255
80256
80257
80259
80261
80262
80263
80264
80265
80266
80270
80271
80273
80274
80275
80279
80280
80281
80290
80291
80292
80293
80294
80295
80299
80104
80116
80118
80124
80125
80126
80129
80130
80131
80134
80135
80138
80163
80001
80002
80003
80004
80005
80006
80007
80021
80033
80034
80123
80127
80128
80162
80214
80215
80225
80226
80228
80232
80401
80402
80403
80419
80425
80433
80437
80439
80453
80454
80457
80465
80470
80108
80109
80113
80247
19432
17067
18966
19131
19442
19807
19454
19453
19460
19457
19464
19003
19468
19465
19008
19470
19014
19475
19015
19481
19060
19027
19508
17509
19041
19301
19960
17519
19311
19310
19518
19316
17522
19312
19520
17527
19525
19317
19320
19319
19330
19335
19333
19540
19342
19341
19344
19343
19346
19345
19543
19073
19348
19347
19351
17555
19350
19352
19080
19355
19358
19085
19362
19360
19087
19365
19363
19367
19366
19369
19373
19606
19372
19375
19374
19380
19096
19376
19382
19390
19707
19401
19711
18517
19406
19421
19426
19425
80020
80023
80027
80234
80516
80038
80026
80121
80122
80002
80003
80004
80005
80007
80010
80011
80012
80013
80014
80015
80016
80017
80018
80019
80020
80021
80023
80030
80031
80033
80110
80111
80112
80113
80120
80121
80122
80123
80124
80125
80126
80127
80128
80129
80130
80202
80203
80204
80205
80206
80207
80209
80210
80211
80212
80214
80215
80216
80218
80219
80220
80221
80222
80223
80224
80226
80227
80228
80229
80230
80231
80232
80233
80234
80235
80236
80237
80238
80239
80241
80246
80247
80249
80260
80264
80290
80293
80294
80401
80403
80419
80465
80640
01810
01812
01830
01831
01832
01833
01834
01835
01840
01841
01842
01843
01844
01845
01860
01885
01899
01901
01902
01903
01904
01905
01906
01907
01908
01910
01913
01915
01921
01922
01923
01929
01930
01931
01936
01937
01938
01940
01944
01945
01947
01949
01950
01951
01952
01960
01961
01965
01966
01969
01970
01971
01982
01983
01984
01985
05501
05544
01431
01432
01450
01460
01463
01464
01469
01470
01471
01472
01474
01701
01702
01703
01704
01705
01718
01719
01720
01721
01730
01731
01741
01742
01746
01748
01749
01752
01754
01760
01770
01773
01775
01776
01778
01784
01801
01803
01805
01806
01807
01808
01813
01815
01821
01822
01824
01826
01827
01850
01851
01852
01853
01854
01862
01863
01864
01865
01866
01867
01876
01879
01880
01886
01887
01888
01889
01890
02138
02139
02140
02141
02142
02143
02144
02145
02148
02149
02153
02154
02155
02156
02158
02159
02160
02161
02162
02164
02165
02166
02167
02168
02172
02173
02174
02175
02176
02177
02178
02179
02180
02193
02195
02212
02238
02239
02254
02258
02272
02277
02420
02421
02451
02452
02453
02454
02456
02458
02459
02460
02461
02462
02464
02465
02466
02467
02468
02471
02472
02474
02475
02476
02477
02478
02479
02493
02495
02019
02021
02025
02026
02027
02030
02032
02035
02038
02052
02053
02054
02056
02062
02067
02070
02071
02072
02081
02090
02093
02146
02147
02157
02169
02170
02171
02181
02184
02185
02186
02187
02188
02189
02190
02191
02192
02194
02269
02322
02343
02368
02445
02446
02447
02457
02481
02482
02492
02494
02762
01434
03901
03902
03903
03904
03905
03906
03907
03908
03909
03910
03911
04001
04002
04004
04005
04006
04007
04014
04020
04027
04028
04030
04042
04043
04046
04047
04048
04049
04054
04056
04061
04063
04064
04072
04073
04076
04083
04087
04090
04093
04094
04095
03031
03033
03043
03045
03047
03048
03049
03051
03052
03054
03055
03057
03060
03061
03062
03063
03064
03070
03071
03076
03082
03084
03086
03101
03102
03103
03104
03105
03107
03108
03109
03110
03111
03244
03281
03440
03442
03449
03458
03468
03106
03216
03221
03224
03229
03230
03231
03233
03234
03235
03242
03243
03255
03257
03260
03263
03268
03272
03273
03275
03278
03287
03301
03302
03303
03304
03305
03307
00210
00211
00212
00213
00214
00215
03032
03034
03036
03037
03038
03040
03041
03042
03044
03053
03073
03077
03079
03087
03261
03290
03291
03801
03802
03803
03804
03811
03819
03826
03827
03833
03840
03841
03842
03843
03844
03848
03854
03856
03857
03858
03859
03862
03865
03870
03871
03873
03874
03885
03046
75002
75009
75013
75023
75024
75025
75026
75034
75035
75069
75070
75071
75074
75075
75078
75086
75093
75094
75097
75121
75164
75166
75173
75407
75409
75424
75442
75454
75485
75001
75006
75011
75014
75015
75016
75017
75019
75030
75037
75038
75039
75040
75041
75042
75043
75044
75045
75046
75047
75048
75049
75050
75051
75052
75053
75054
75060
75061
75062
75063
75080
75081
75082
75083
75085
75088
75089
75098
75099
75104
75106
75115
75116
75123
75134
75137
75138
75141
75146
75149
75150
75159
75172
75180
75181
75182
75185
75187
75201
75202
75203
75204
75205
75206
75207
75208
75209
75210
75211
75212
75214
75215
75216
75217
75218
75219
75220
75221
75222
75223
75224
75225
75226
75227
75228
75229
75230
75231
75232
75233
75234
75235
75236
75237
75238
75239
75240
75241
75242
75243
75244
75245
75246
75247
75248
75249
75250
75251
75252
75253
75254
75258
75260
75261
75262
75263
75264
75265
75266
75267
75270
75275
75277
75283
75284
75285
75286
75287
75294
75295
75301
75303
75310
75312
75313
75315
75320
75323
75326
75336
75339
75342
75346
75350
75353
75354
75355
75356
75357
75359
75360
75363
75364
75367
75368
75370
75371
75372
75373
75374
75376
75378
75379
75380
75381
75382
75386
75387
75388
75389
75390
75391
75392
75393
75394
75395
75396
75397
75398
75007
75008
75010
75022
75027
75028
75029
75056
75057
75065
75067
75068
75077
76201
76202
76203
76204
76205
76206
76207
76208
76209
76210
76226
76227
76247
76249
76258
76259
76262
76266
76299
79084
75090
75020
75021
75058
75076
75090
75091
75092
75414
75459
75489
75491
75495
76233
76245
76264
76268
76271
76273
97002
97004
97005
97006
97007
97008
97009
97010
97011
97013
97014
97015
97016
97017
97018
97019
97020
97021
97022
97023
97024
97026
97027
97028
97029
97030
97031
97032
97034
97035
97036
97038
97041
97042
97044
97045
97048
97049
97051
97053
97054
97055
97056
97060
97062
97064
97067
97068
97070
97071
97073
97075
97076
97077
97078
97080
97086
97089
97101
97103
97106
97107
97108
97109
97110
97111
97112
97113
97114
97116
97117
97118
97119
97121
97122
97123
97124
97125
97127
97128
97130
97131
97132
97133
97134
97135
97136
97137
97138
97140
97141
97143
97146
97148
97149
97201
97202
97203
97204
97206
97207
97208
97209
97210
97211
97212
97213
97214
97215
97216
97217
97218
97219
97220
97221
97222
97223
97224
97225
97229
97230
97232
97233
97236
97238
97239
97240
97242
97253
97254
97255
97256
97258
97259
97266
97267
97268
97271
97272
97280
97281
97282
97283
97286
97290
97291
97292
97293
97294
97296
97298
97299
97301
97302
97303
97304
97305
97306
97307
97308
97309
97310
97311
97312
97313
97314
97316
97317
97318
97321
97322
97324
97325
97326
97327
97329
97330
97331
97333
97335
97336
97338
97341
97342
97344
97346
97347
97348
97350
97351
97352
97355
97358
97359
97360
97361
97362
97368
97370
97371
97374
97375
97377
97378
97381
97383
97384
97385
97386
97389
97392
97393
97396
97401
97402
97403
97404
97405
97408
97409
97412
97413
97419
97424
97426
97430
97431
97438
97439
97440
97441
97446
97448
97453
97454
97456
97463
97472
97480
97482
97487
97488
97489
97490
97492
97493
97498
98407
71270
71272
71273
98466
98422
83111
97048
98576
98001
98002
98003
98023
98047
98063
98071
98092
98093
98321
98422
98530
98604
98390
98391
98391
98642
98531
98532
98401
98402
98403
98404
98405
98406
98407
98408
98409
98411
98412
98413
98415
98416
98417
98418
98419
98421
98422
98424
98431
98433
98443
98444
98445
98446
98447
98448
98464
98465
98466
98471
98481
98490
98493
98371
98372
98373
98374
98375
98439
98496
98497
98498
98499
98329
98332
98335
98391
98352
98390
98467
98360
98001
98002
98003
98023
98047
98063
98071
98092
98093
98388
98401
98402
98403
98404
98405
98406
98407
98408
98409
98411
98412
98413
98415
98416
98417
98418
98419
98421
98422
98424
98431
98433
98443
98444
98445
98446
98447
98448
98464
98465
98466
98471
98481
98490
98493
98328
98321
98371
98372
98373
98374
98375
98401
98402
98403
98404
98405
98406
98407
98408
98409
98411
98412
98413
98415
98416
98417
98418
98419
98421
98422
98424
98431
98433
98443
98444
98445
98446
98447
98448
98464
98465
98466
98471
98481
98490
98493
98255
98354
98327
98580
98323
98396
98422
98385
98344
98401
98402
98403
98404
98405
98406
98407
98408
98409
98411
98412
98413
98415
98416
98417
98418
98419
98421
98422
98424
98431
98433
98443
98444
98445
98446
98447
98448
98464
98465
98466
98471
98481
98490
98493
98395
98501
98502
98503
98504
98505
98506
98507
98508
98509
98511
98512
98513
98516
98540
98599
98511
98597
98589
98530
98531
98532
98596
98565
98591
98591
98356
98564
98361
98572
98377
98593
98355
98533
98632
98626
98625
98611
98674
98581
98660
98661
98662
98663
98664
98665
98666
98668
98682
98683
98684
98685
98686
98687
98607
98604
98671
98642
98629
98675
98612
98647
98643
98621
71227
71235
71245
71270
71272
71273
71275
21001
21005
21009
21010
21014
21015
21017
21018
21028
21034
21040
21047
21050
21078
21084
21085
21130
21132
21154
21160
21161
23014
23038
23039
23054
23063
23065
23067
23102
23103
23129
23153
23160
23238
98601
98604
98606
98607
98622
98629
98642
98660
98661
98662
98663
98664
98665
98666
98667
98668
98671
98675
98682
98683
98684
98685
98686
98687
98581
98603
98609
98611
98616
98625
98626
98632
98645
98649
98674
98001
98002
98003
98004
98005
98006
98007
98008
98009
98010
98011
98013
98014
98015
98019
98022
98023
98024
98025
98027
98028
98029
98031
98032
98033
98034
98035
98038
98039
98040
98041
98042
98045
98047
98050
98051
98052
98053
98054
98055
98056
98057
98058
98059
98060
98062
98063
98064
98065
98068
98070
98071
98072
98073
98082
98083
98092
98093
98101
98102
98103
98104
98105
98106
98107
98108
98109
98111
98112
98114
98115
98116
98117
98118
98119
98121
98122
98124
98125
98126
98129
98130
98131
98132
98133
98134
98136
98138
98140
98144
98145
98146
98148
98150
98151
98154
98155
98158
98160
98161
98164
98166
98168
98171
98174
98177
98178
98181
98184
98185
98188
98190
98191
98195
98198
98199
98224
98288
98336
98355
98356
98361
98377
98522
98531
98532
98533
98538
98539
98542
98544
98564
98565
98570
98572
98582
98585
98591
98593
98596
99008
99032
99103
99117
99122
99134
99144
99147
99154
99159
99185
98303
98304
98321
98323
98327
98328
98329
98330
98332
98333
98335
98338
98344
98348
98349
98351
98352
98354
98360
98371
98372
98373
98374
98375
98385
98387
98388
98390
98394
98395
98396
98397
98398
98401
98402
98403
98404
98405
98406
98407
98408
98409
98411
98412
98413
98415
98416
98418
98421
98422
98424
98430
98431
98433
98434
98438
98439
98442
98443
98444
98445
98446
98447
98450
98455
98460
98464
98465
98466
98467
98471
98477
98481
98492
98493
98494
98497
98498
98499
98558
98580
98501
98502
98503
98504
98505
98506
98507
98508
98509
98512
98513
98516
98530
98540
98556
98576
98579
98589
98597
98599
98612
98621
98643
98647
98030
98074
98075
98077
78002
75057
78006
78009
75453
58601
78015
78023
78028
78039
78054
78052
78056
19973
78064
77494
78063
78065
78069
78073
78101
76078
78108
78109
79015
78112
78114
78577
75154
78121
78124
78130
78150
78148
78152
78155
78606
78154
78163
78201
78203
78202
78205
78204
78207
78206
78620
78209
78623
78208
78211
78210
78213
78212
78215
78214
78217
78216
78219
78218
78221
78220
78223
78222
78225
78224
78227
78226
78643
78229
78228
78231
78230
78233
78232
78235
78234
78237
78236
78239
78238
78240
75752
78242
78245
78244
78247
78249
75260
78248
78251
77304
78250
78671
78253
78252
78255
78254
78257
78256
78259
78258
78261
78260
78263
78264
78266
78284
78288
76901
77389
78213
78216
78230
78155
77706
78154
78156
78160
78164
78622
78213
78214
78629
78632
78101
78218
78638
78640
78108
78109
78115
78229
78230
78648
76711
78121
78124
76205
78123
78655
78130
78132
78131
78133
78140
78666
78670
78006
78015
37011
37013
37014
37027
37034
37037
37046
37055
37060
37064
37067
37069
37072
37075
37076
37086
37087
37090
37115
37122
37127
37128
37129
37130
37138
37144
37160
37167
37174
37179
37201
37203
37204
37205
37206
37208
37209
37210
37211
37212
37213
37214
37215
37216
37217
37218
37219
37220
37221
37228
37238
37330
37334
37349
37352
37360
37389
37391
38401
38464
38478
37482
37020
37160
37161
37162
37180
37183
37360
37019
37034
37047
37091
37174
38401
38402
38451
38461
38474
38482
38487
37014
37024
37027
37046
37062
37064
37065
37067
37068
37069
37135
37179
77406
77417
77441
77444
77451
77459
77461
77464
77469
77471
77476
77477
77478
77479
77481
77487
77489
77496
77497
77545
77001
77002
77003
77004
77005
77006
77007
77008
77009
77010
77011
77012
77013
77014
77015
77016
77017
77018
77019
77020
77021
77022
77023
77024
77025
77026
77027
77028
77029
77030
77031
77032
77033
77034
77035
77036
77037
77038
77039
77040
77041
77042
77043
77044
77045
77046
77047
77048
77049
77050
77051
77052
77053
77054
77055
77056
77057
77058
77059
77060
77061
77062
77063
77064
77065
77066
77067
77068
77069
77070
77071
77072
77073
77074
77075
77076
77077
77078
77079
77080
77081
77082
77083
77084
77085
77086
77087
77088
77089
77090
77091
77092
77093
77094
77095
77096
77097
77098
77099
77201
77202
77203
77204
77205
77206
77207
77208
77209
77210
77212
77213
77215
77216
77217
77218
77219
77220
77221
77222
77223
77224
77225
77226
77227
77228
77229
77230
77231
77233
77234
77235
77236
77237
77238
77240
77241
77242
77243
77244
77245
77248
77249
77251
77252
77253
77254
77255
77256
77257
77258
77259
77261
77262
77263
77265
77266
77267
77268
77269
77270
77271
77272
77273
77274
77275
77277
77279
77280
77281
77282
77284
77287
77288
77289
77290
77291
77292
77293
77297
77298
77299
77315
77325
77336
77337
77338
77339
77345
77346
77347
77373
77375
77377
77379
77382
77383
77388
77389
77391
77396
77401
77402
77410
77411
77413
77429
77433
77447
77449
77450
77491
77492
77493
77494
77501
77502
77503
77504
77505
77506
77507
77508
77520
77521
77522
77530
77532
77536
77547
77562
77571
77572
77586
77587
77598
75835
75844
75847
75849
75851
75858
77301
77302
77303
77304
77305
77306
77316
77318
77333
77353
77354
77355
77356
77357
77362
77365
77372
77378
77380
77381
77384
77385
77386
77387
77393
77498
77407
31601
31602
31603
31604
31620
31625
31626
31627
31629
31632
31638
31643
31698
31716
31720
31722
31730
31738
31739
31744
31747
31753
31756
31757
31758
31765
31768
31771
31773
31776
31778
31779
31784
31788
31792
31799
32059
32301
32302
32303
32304
32305
32306
32307
32308
32309
32310
32311
32312
32313
32314
32315
32316
32317
32318
32321
32322
32323
32324
32326
32327
32330
32331
32332
32333
32334
32336
32337
32340
32341
32343
32344
32345
32346
32347
32350
32351
32352
32353
32355
32357
32358
32360
32361
32362
32395
32399
32421
32423
32424
32432
32442
32443
32448
32460
39815
39817
39818
39819
39825
39827
39828
39829
39834
39837
39845
39852
39859
39870
39897
31626
31738
31757
31758
31765
31773
31778
31792
31799
90001
90002
90003
90004
90005
90006
90007
90008
90009
90010
90011
90012
90013
90014
90015
90016
90017
90018
90019
90020
90021
90022
90023
90024
90025
90026
90027
90028
90029
90030
90031
90032
90033
90034
90035
90036
90037
90038
90039
90040
90041
90042
90043
90044
90045
90046
90047
90048
90049
90050
90051
90052
90053
90054
90055
90056
90057
90058
90059
90060
90061
90062
90063
90064
90065
90066
90067
90068
90069
90070
90071
90072
90073
90074
90075
90076
90077
90078
90079
90080
90081
90082
90083
90084
90086
90087
90088
90089
90091
90093
90094
90095
90096
90097
90099
90101
90102
90103
90174
90185
90201
90202
90209
90210
90211
90212
90213
90220
90221
90222
90223
90224
90230
90231
90232
90233
90239
90240
90241
90242
90245
90247
90248
90249
90250
90251
90254
90255
90260
90261
90262
90263
90264
90265
90266
90267
90270
90272
90274
90275
90277
90278
90280
90290
90291
90292
90293
90294
90295
90296
90301
90302
90303
90304
90305
90306
90307
90308
90309
90310
90311
90312
90313
90397
90398
90401
90402
90403
90404
90405
90406
90407
90408
90409
90410
90411
90501
90502
90503
90504
90505
90506
90507
90508
90509
90510
90601
90602
90603
90604
90605
90606
90607
90608
90609
90610
90612
90637
90638
90639
90640
90650
90651
90652
90659
90660
90661
90662
90665
90670
90671
90701
90702
90703
90704
90706
90707
90710
90711
90712
90713
90714
90715
90716
90717
90723
90731
90732
90733
90734
90744
90745
90746
90747
90748
90749
90801
90802
90803
90804
90805
90806
90807
90808
90809
90810
90813
90814
90815
90822
90831
90832
90833
90834
90835
90840
90842
90844
90845
90846
90847
90848
90853
90888
91001
91003
91006
91007
91009
91010
91011
91012
91016
91017
91020
91021
91023
91024
91025
91030
91031
91040
91041
91042
91043
91046
91050
91051
91066
91077
91101
91102
91103
91104
91105
91106
91107
91108
91109
91110
91114
91115
91116
91117
91118
91121
91123
91124
91125
91126
91129
91131
91175
91182
91184
91185
91186
91187
91188
91189
91191
91201
91202
91203
91204
91205
91206
91207
91208
91209
91210
91214
91221
91222
91224
91225
91226
91301
91302
91303
91304
91305
91306
91307
91308
91309
91310
91311
91312
91313
91316
91321
91322
91324
91325
91326
91327
91328
91329
91330
91331
91333
91334
91335
91337
91340
91341
91342
91343
91344
91345
91346
91350
91351
91352
91353
91354
91355
91356
91357
91363
91364
91365
91367
91371
91372
91376
91380
91381
91382
91383
91384
91385
91386
91387
91388
91390
91392
91393
91394
91395
91396
91399
91401
91402
91403
91404
91405
91406
91407
91408
91409
91410
91411
91412
91413
91416
91423
91426
91436
91470
91482
91495
91496
91497
91499
91501
91502
91503
91504
91505
91506
91507
91508
91510
91521
91522
91523
91526
91601
91602
91603
91604
91605
91606
91607
91608
91609
91610
91611
91612
91614
91615
91616
91617
91618
91702
91706
91711
91714
91715
91716
91722
91723
91724
91731
91732
91733
91734
91735
91740
91741
91744
91745
91746
91747
91748
91749
91750
91754
91755
91756
91759
91765
91766
91767
91768
91769
91770
91771
91772
91773
91775
91776
91778
91780
91788
91789
91790
91791
91792
91793
91795
91797
91799
91801
91802
91803
91804
91841
91896
91899
93510
93532
93534
93535
93536
93539
93543
93544
93550
93551
93552
93553
93563
93584
93586
93590
93591
93599
91319
91320
91358
91359
91360
91361
91362
91377
93001
93002
93003
93004
93005
93006
93007
93009
93010
93011
93012
93015
93016
93020
93021
93022
93023
93024
93030
93031
93032
93033
93034
93035
93040
93041
93042
93043
93044
93060
93061
93062
93063
93064
93065
93066
93093
93094
93099
90755
93036
91901
91902
91903
91905
91906
91908
91909
91910
91911
91912
91913
91914
91915
91916
91917
91921
91931
91932
91933
91934
91935
91941
91942
91943
91944
91945
91946
91947
91948
91950
91951
91962
91963
91976
91977
91978
91979
91980
91987
91990
92003
92004
92007
92008
92009
92011
92013
92014
92018
92019
92020
92021
92022
92023
92024
92025
92026
92027
92028
92029
92030
92033
92036
92037
92038
92039
92040
92046
92049
92051
92052
92054
92055
92056
92057
92058
92059
92060
92061
92064
92065
92066
92067
92068
92069
92070
92071
92072
92074
92075
92078
92079
92082
92083
92084
92085
92086
92088
92090
92091
92092
92093
92096
92101
92102
92103
92104
92105
92106
92107
92108
92109
92110
92111
92112
92113
92114
92115
92116
92117
92118
92119
92120
92121
92122
92123
92124
92126
92127
92128
92129
92130
92131
92132
92133
92134
92135
92136
92137
92138
92139
92140
92142
92143
92145
92147
92149
92150
92152
92153
92154
92155
92158
92159
92160
92161
92162
92163
92164
92165
92166
92167
92168
92169
92170
92171
92172
92173
92174
92175
92176
92177
92178
92179
92182
92184
92186
92187
92190
92191
92192
92193
92194
92195
92196
92197
92198
92199
92081
90620
90621
90622
90623
90624
90630
90631
90632
90633
90680
90720
90721
90740
90742
90743
92602
92603
92604
92605
92606
92607
92610
92612
92614
92615
92616
92618
92619
92620
92623
92624
92625
92626
92627
92628
92629
92630
92637
92646
92647
92648
92649
92650
92651
92652
92653
92654
92655
92656
92657
92658
92659
92660
92661
92662
92663
92672
92673
92674
92675
92676
92677
92678
92679
92683
92684
92685
92688
92690
92691
92692
92693
92694
92697
92698
92701
92702
92703
92704
92705
92706
92707
92708
92709
92710
92711
92712
92728
92735
92780
92781
92782
92799
92801
92802
92803
92804
92805
92806
92807
92808
92811
92812
92814
92815
92816
92817
92821
92822
92823
92825
92831
92832
92833
92834
92835
92836
92837
92838
92840
92841
92842
92843
92844
92845
92846
92850
92856
92857
92859
92861
92862
92863
92864
92865
92866
92867
92868
92869
92870
92871
92885
92886
92887
92899
92617
94022
94023
94024
94035
94039
94040
94041
94042
94043
94085
94086
94087
94088
94089
94090
94301
94302
94304
94305
94306
94309
94310
95002
95008
95009
95011
95013
95014
95015
95020
95021
95026
95030
95031
95032
95033
95035
95036
95037
95038
95042
95044
95046
95050
95051
95052
95053
95054
95055
95056
95070
95071
95101
95102
95103
95106
95108
95109
95110
95111
95112
95113
95114
95115
95116
95117
95118
95119
95120
95121
95122
95123
95124
95125
95126
95127
95128
95129
95130
95131
95132
95133
95134
95135
95136
95137
95138
95139
95140
95141
95142
95148
95150
95151
95152
95153
95154
95155
95156
95157
95158
95159
95160
95161
95164
95170
95172
95173
95190
95191
95192
95193
95194
95196
33503
33509
33510
33511
33527
33530
33534
33547
33548
33549
33550
33556
33558
33564
33565
33566
33567
33568
33569
33570
33571
33572
33573
33583
33584
33586
33587
33592
33594
33595
33598
33601
33602
33603
33604
33605
33606
33607
33608
33609
33610
33611
33612
33613
33614
33615
33616
33617
33618
33619
33620
33621
33622
33623
33624
33625
33626
33629
33630
33631
33633
33634
33635
33637
33647
33650
33651
33655
33660
33661
33662
33663
33664
33672
33673
33674
33675
33677
33679
33680
33681
33682
33684
33685
33686
33687
33688
33689
33690
33694
33697
33523
33524
33525
33526
33537
33539
33540
33541
33543
33544
33559
33574
33576
33593
34610
34639
34652
34653
34654
34655
34656
34667
34668
34669
34673
34674
34679
34680
34690
34691
33701
33702
33703
33704
33705
33706
33707
33708
33709
33710
33711
33712
33713
33714
33715
33716
33728
33729
33730
33731
33732
33733
33734
33736
33737
33738
33740
33741
33742
33743
33744
33747
33755
33756
33757
33758
33759
33760
33761
33762
33763
33764
33765
33766
33767
33769
33770
33771
33772
33773
33774
33775
33776
33777
33778
33779
33780
33781
33782
33784
33785
33786
34660
34677
34681
34682
34683
34684
34685
34688
34689
34695
34697
34698
33563
34638
80011
80019
80022
80024
80030
80031
80035
80036
80037
80040
80042
80045
80102
80136
80137
80221
80229
80233
80234
80241
80260
80601
80602
80603
80614
80640
80010
80012
80013
80014
80015
80016
80017
80018
80041
80044
80046
80047
80103
80105
80110
80111
80112
80120
80121
80122
80150
80151
80154
80155
80160
80161
80165
80166
80201
80202
80203
80204
80205
80206
80207
80208
80209
80210
80211
80212
80216
80217
80218
80219
80220
80222
80223
80224
80227
80230
80231
80235
80236
80237
80238
80239
80243
80244
80246
80248
80249
80250
80251
80252
80254
80255
80256
80257
80259
80261
80262
80263
80264
80265
80266
80270
80271
80273
80274
80275
80279
80280
80281
80290
80291
80292
80293
80294
80295
80299
80104
80116
80118
80124
80125
80126
80129
80130
80131
80134
80135
80138
80163
80132
80133
80808
80809
80817
80819
80829
80831
80832
80833
80840
80841
80864
80901
80903
80904
80905
80906
80907
80908
80909
80910
80911
80912
80913
80914
80915
80916
80917
80918
80919
80920
80921
80922
80925
80926
80928
80929
80930
80931
80932
80933
80934
80935
80936
80937
80940
80941
80942
80943
80944
80945
80946
80947
80949
80950
80960
80962
80970
80977
80995
80997
80001
80002
80003
80004
80005
80006
80007
80021
80033
80034
80123
80127
80128
80162
80214
80215
80225
80226
80228
80232
80401
80402
80403
80419
80425
80433
80437
80439
80453
80454
80457
80465
80470
81001
81002
81003
81004
81005
81006
81007
81008
81009
81010
81011
81012
81013
81014
81015
81019
81022
81023
81025
81069
80108
80109
80113
80247
94104
94105
94107
94108
94109
94111
94123
94130
94133
94158
94203
94204
94205
94206
94207
94208
94209
94211
94229
94230
94232
94234
94235
94236
94237
94239
94240
94244
94245
94247
94248
94249
94250
94252
94254
94256
94257
94258
94259
94261
94262
94263
94267
94268
94269
94271
94273
94274
94277
94278
94279
94280
94282
94283
94284
94285
94286
94287
94288
94289
94290
94291
94293
94294
94295
94296
94297
94298
94299
94501
94502
94503
94505
94506
94507
94508
94509
94510
94511
94512
94513
94514
94515
94516
94517
94518
94519
94520
94521
94522
94523
94524
94525
94526
94527
94528
94529
94530
94531
94533
94534
94535
94536
94537
94539
94540
94541
94542
94543
94544
94545
94546
94547
94548
94549
94550
94551
94552
94553
94556
94557
94558
94559
94561
94562
94563
94564
94565
94566
94567
94568
94569
94570
94571
94572
94573
94574
94575
94576
94577
94578
94579
94580
94581
94582
94583
94585
94586
94587
94588
94589
94590
94591
94592
94595
94596
94597
94598
94599
94601
94602
94603
94604
94605
94606
94607
94608
94609
94610
94611
94612
94613
94614
94615
94617
94618
94619
94620
94621
94622
94623
94624
94649
94659
94660
94661
94662
94666
94701
94702
94703
94704
94705
94706
94707
94708
94709
94710
94712
94720
94801
94802
94803
94804
94805
94806
94807
94808
94820
94850
94901
94903
94904
94912
94913
94914
94915
94920
94925
94926
94927
94928
94931
94939
94942
94945
94947
94948
94949
94951
94953
94954
94955
94957
94960
94964
94966
94974
94975
94976
94977
94978
94979
94998
94999
95201
95202
95203
95204
95205
95206
95207
95208
95209
95210
95211
95212
95213
95215
95219
95220
95221
95222
95223
95224
95225
95226
95227
95228
95229
95230
95231
95232
95233
95234
95236
95237
95240
95241
95242
95245
95246
95247
95248
95249
95251
95252
95253
95254
95255
95257
95258
95267
95269
95296
95297
95304
95305
95307
95309
95310
95313
95316
95319
95320
95323
95326
95327
95328
95329
95330
95335
95336
95337
95346
95347
95350
95351
95352
95353
95354
95355
95356
95357
95358
95361
95363
95364
95366
95367
95368
95370
95372
95373
95375
95376
95377
95378
95379
95380
95381
95382
95383
95385
95386
95387
95391
95397
95401
95402
95403
95404
95405
95406
95407
95409
95416
95422
95424
95426
95431
95433
95439
95442
95452
95457
95461
95467
95476
95487
95601
95602
95603
95604
95605
95606
95607
95608
95609
95610
95611
95612
95613
95614
95615
95616
95617
95618
95619
95620
95621
95623
95624
95625
95626
95627
95628
95629
95630
95631
95632
95633
95634
95635
95636
95637
95638
95639
95640
95641
95642
95644
95645
95646
95648
95650
95651
95652
95653
95654
95655
95656
95658
95659
95660
95661
95662
95663
95664
95665
95666
95667
95668
95669
95670
95671
95672
95673
95674
95675
95676
95677
95678
95679
95680
95681
95682
95683
95684
95685
95686
95687
95688
95689
95690
95691
95692
95693
95694
95695
95696
95697
95698
95699
95701
95703
95709
95712
95713
95714
95715
95717
95720
95721
95722
95724
95726
95728
95735
95736
95741
95742
95746
95747
95757
95758
95759
95762
95763
95765
95776
95798
95799
95811
95812
95813
95814
95815
95816
95817
95818
95819
95820
95821
95822
95823
95824
95825
95826
95827
95828
95829
95830
95831
95832
95833
95834
95835
95836
95837
95838
95840
95841
95842
95843
95851
95852
95853
95860
95864
95865
95866
95867
95894
95899
95901
95903
95910
95912
95914
95916
95917
95918
95919
95920
95922
95924
95925
95930
95932
95935
95936
95937
95938
95940
95941
95944
95945
95946
95948
95949
95950
95953
95955
95957
95958
95959
95960
95961
95962
95965
95966
95968
95970
95972
95974
95975
95977
95982
95986
95987
95991
95992
95993
96125
96141
96142
96145
96146
96150
96151
96152
96154
96155
96156
96157
96158
96162
28037
28166
28031
28034
28078
28164
28080
28120
28052
28056
28012
29710
27707
29715
29708
28728
28273
28278
28269
28216
28203
28209
28210
28134
28277
28104
28105
28079
28227
28226
28212
28214
28217
28216
28208
28027
28262
28269
28075
28213
28107
28215
28205
28206
28211
28636
28678
28681
28604
28616
28622
28646
28652
28653
28657
28662
28664
28612
28619
28628
28637
28641
28647
28655
28666
28671
28680
28690
28611
28630
28633
28638
28645
28661
28667
28601
28602
28603
28609
28610
28613
28650
28658
28673
28682
28017
28020
28038
28042
28073
28086
28089
28090
28114
28136
28150
28151
28152
28169
28010
28115
28117
28123
28166
28625
28634
28660
28677
28687
28688
28689
28699
28033
28037
28080
28092
28093
28168
28737
28749
28752
28761
28762
28018
28019
28024
28040
28043
28074
28076
28139
28160
28167
28720
28746
28605
28607
28608
28618
28679
28691
28692
28698
28606
28624
28635
28649
28651
28654
28656
28659
28665
28669
28670
28674
28683
28685
28697
36507
36511
36526
36527
36530
36532
36533
36535
36536
36542
36547
36549
36550
36551
36555
36559
36561
36562
36564
36567
36574
36576
36577
36578
36579
36580
36426
36427
36441
36502
36503
36504
36543
36505
36509
36512
36521
36522
36523
36525
36528
36541
36544
36560
36568
36571
36572
36575
36582
36587
36590
36601
36602
36603
36604
36605
36606
36607
36608
36609
36610
36611
36612
36613
36614
36615
36616
36617
36618
36619
36621
36622
36623
36625
36626
36628
36630
36631
36633
36640
36641
36644
36652
36660
36663
36670
36671
36675
36685
36688
36689
36690
36691
36693
36695
32501
32502
32503
32504
32505
32506
32507
32508
32509
32511
32512
32513
32514
32516
32520
32521
32522
32523
32524
32526
32533
32534
32535
32559
32560
32568
32573
32574
32575
32576
32577
32581
32582
32589
32590
32591
32592
32593
32594
32595
32596
32597
32598
32531
32536
32537
32539
32540
32541
32542
32544
32547
32548
32549
32564
32567
32569
32578
32579
32580
32588
32530
32561
32562
32563
32565
32566
32570
32571
32572
32583
32422
32433
32434
32435
32439
32454
32459
32538
32550
20711
20724
20733
20751
20755
20758
20764
20765
20776
20778
20779
21012
21032
21035
21037
21054
21056
21060
21061
21062
21076
21077
21090
21098
21106
21108
21113
21114
21122
21123
21140
21144
21146
21225
21226
21240
21401
21402
21403
21404
21405
21411
21412
21013
21020
21022
21023
21027
21030
21031
21051
21052
21053
21055
21057
21071
21082
21087
21092
21093
21094
21105
21111
21117
21120
21128
21131
21133
21136
21139
21152
21153
21155
21156
21162
21163
21204
21207
21208
21219
21220
21221
21222
21227
21228
21234
21236
21237
21244
21250
21251
21252
21282
21284
21285
21286
21048
21074
21080
21088
21102
21104
21157
21158
21757
21764
21776
21784
21787
21791
21797
21901
21902
21903
21904
21911
21912
21913
21914
21915
21916
21917
21918
21919
21920
21921
21922
21930
21701
21702
21703
21704
21705
21709
21710
21714
21716
21717
21718
21727
21754
21755
21758
21759
21762
21769
21770
21771
21773
21774
21775
21777
21778
21780
21788
21790
21792
21793
21798
21001
21005
21009
21010
21014
21015
21017
21018
21028
21034
21040
21047
21050
21078
21084
21085
21130
21132
21154
21160
21161
20701
20723
20759
20763
20777
20794
21029
21036
21041
21042
21043
21044
21045
21046
21075
21150
21723
21737
21738
21765
21794
20812
20813
20814
20815
20816
20817
20818
20824
20825
20827
20830
20832
20833
20837
20838
20839
20841
20842
20847
20848
20849
20850
20851
20852
20853
20854
20855
20857
20859
20860
20861
20862
20866
20868
20871
20872
20874
20875
20876
20877
20878
20879
20880
20882
20884
20885
20886
20889
20891
20892
20894
20895
20896
20897
20898
20899
20901
20902
20903
20904
20905
20906
20907
20908
20910
20911
20912
20914
20915
20916
20918
20997
21201
21202
21203
21205
21206
21209
21210
21211
21212
21213
21214
21215
21216
21217
21218
21223
21224
21229
21230
21231
21233
21235
21239
21241
21260
21263
21264
21265
21268
21270
21273
21274
21275
21278
21279
21280
21281
21283
21287
21288
21289
21290
21297
21298
20792
97324
97326
97330
97331
97333
97339
97370
97456
97401
97402
97403
97404
97405
97408
97409
97412
97413
97419
97424
97426
97427
97430
97431
97434
97437
97438
97439
97440
97448
97451
97452
97453
97454
97455
97461
97463
97472
97477
97478
97480
97482
97487
97488
97489
97490
97492
97493
97321
97327
97329
97335
97336
97345
97348
97355
97358
97360
97374
97377
97386
97389
97446
97322
60014
60156
60142
60098
60012
60013
60102
60021
60013
60102
60021
60050
60051
60042
60097
60084
60018
60118
60110
60142
60124
60136
60010
01810
02038
02186
01886
02184
01867
01760
01821
01803
02459
01890
01701
02421
01945
02492
02026
01960
01887
02478
01748
02132
01876
01801
02467
01880
01824
01923
02043
02420
01906
02481
02090
01450
03053
01915
02021
03038
02482
03087
01844
01921
02476
02155
01845
02067
01720
02072
01778
01752
01863
02081
01776
01940
01742
02066
02056
02332
02474
01826
02472
02176
02445
02493
01930
02062
02360
02180
03079
01970
02460
02494
02465
02466
01721
02368
02093
02138
02461
01907
02050
02152
02190
02052
01949
02451
01879
02446
02151
02131
02148
01730
01749
02301
02061
02302
02169
01904
02130
01827
03885
02045
02330
01746
01702
01463
02025
02149
02770
01862
02452
01908
02191
01922
01830
01864
01950
02324
02127
02339
02458
02124
02188
02053
02136
02171
01852
02030
02370
02453
02462
03036
01832
01741
01773
02359
03833
01983
03820
03854
01835
02139
01985
02347
01833
02126
02189
02035
02170
02464
03290
02135
01775
01902
01944
01460
02032
01938
02129
03032
01913
01984
01982
02140
02346
03873
03842
01719
02144
01770
02019
02054
02143
01854
02150
02738
02341
03870
02333
01841
02128
02762
02364
03824
01905
01966
03848
02739
03823
01850
02071
01834
01929
03827
02367
03865
02119
02141
01464
01469
01860
02571
03862
03077
03874
02379
01969
03044
03867
03871
03819
01951
02134
02113
02215
03858
02576
03878
01431
01474
60564
60103
60089
60467
60030
60134
60462
60010
60047
60031
60102
60565
60540
60046
60451
60423
60586
60487
60067
60448
60544
60124
60585
60062
60175
60491
60439
60026
60142
60404
60060
60177
60068
60013
60004
60504
60510
60188
60025
60503
60073
60035
60126
60502
60091
60056
60446
60174
60069
60563
60014
60542
60108
60634
60477
60048
46311
60441
60061
60076
60605
60631
60185
60189
60646
60015
60137
60193
60525
60016
60554
60093
46307
60148
60630
60516
60118
60464
60053
60119
46373
60431
60201
60077
60184
60515
60107
60707
60045
60187
60527
60521
60561
60302
60463
60560
60638
60074
60084
60083
60136
60140
60656
60517
60706
60453
60558
60523
60610
60403
60172
60712
46385
60202
60641
60555
60305
60614
60181
60190
60559
60645
60008
60101
46321
60532
60714
60022
60081
60618
60012
60304
60625
60506
60098
60652
60526
60143
60657
60480
60655
60613
60194
60123
60546
60203
60173
60191
60640
60452
60044
60043
60071
60430
60002
60660
60422
60514
60647
60643
60465
60169
60051
60608
60070
60178
60041
60457
60615
60620
60449
60617
60435
60803
60042
60649
60411
60417
60085
60164
60097
46368
60548
60473
60455
60040
60653
60131
60438
60401
60087
60458
46342
60478
60152
60482
60466
60429
60501
60406
60432
60471
60433
46392
60475
60033
46347
44145
44256
44012
44011
44139
44122
44212
44136
44149
44133
44060
44023
44118
44143
44077
44116
44131
44094
44233
44141
44140
44040
44035
44280
44026
44072
44125
44001
44065
44052
44044
44053
44253
44021
44062
44074
44090
44235
44254
48188
48306
48098
48236
48170
48009
48304
48382
48323
48302
48348
48301
48085
48025
48154
48152
48334
48169
48138
48073
48124
48312
48070
48363
48353
48045
48377
48350
48329
48336
48095
48036
48327
48381
48317
48128
48328
48017
48002
48065
48173
48164
48137
48001
48062
48005
48054
48039
16046
15090
15367
15241
15143
15217
15237
15102
15238
15668
15101
15601
15243
15642
15017
15330
15636
15232
15129
15236
15146
15632
15239
15220
15015
15234
15122
15068
16002
15229
15071
15218
16055
15010
15301
15025
15202
15131
15001
15644
15208
15211
15626
15085
15024
16053
15223
16023
16037
16056
15066
15074
15012
15133
15656
15135
15613
15690
15332
15042
15062
15022
15084
15144
15037
15666
15112
16201
16229
15670
15425
15021
15026
15089
15610
15683
15627
16226
15473
55347
55044
55311
55125
55304
55378
55446
55068
55372
55129
55317
55126
55123
54016
55379
55443
55447
55082
55449
55318
55346
55369
55374
55438
55124
55442
55305
55113
55024
55127
55387
55016
55042
55345
55386
55038
55110
55337
55303
55077
55419
55122
55316
55115
55330
55128
55448
55315
55437
55410
55436
55112
55391
55331
55014
55025
55357
55434
55433
55306
55105
55020
55076
55416
55341
55054
55118
55344
55424
55439
55033
55313
55431
55441
55116
55001
55422
55376
55406
55417
55119
55427
55109
55418
55432
55364
55013
55117
55423
55309
55120
55435
55352
54025
55426
55407
55375
55343
54022
55398
54082
55328
55428
55409
55356
55405
55121
55420
55359
55045
55075
55362
55108
54023
55047
55073
55040
55106
54017
55373
55102
55008
54021
55322
55421
55425
55384
54002
55071
55005
55011
55388
55429
55107
55412
55079
55414
55430
55043
55032
55363
55031
55404
55302
55390
55114
55069
55084
54003
55003
55103
55367
55055
54011
54013
55397
55321
54767
20619
20636
20646
20653
20657
20659
20678
20685
20705
20706
20707
20708
20715
20721
20723
20740
20754
20769
20783
20794
20814
20815
20816
20817
20818
20832
20837
20852
20853
20854
20855
20871
20872
20878
20882
20886
20895
20901
20902
20903
20904
20905
20906
20910
21001
21012
21013
21014
21015
21032
21035
21036
21042
21043
21044
21045
21046
21047
21050
21054
21057
21061
21078
21087
21090
21093
21108
21111
21117
21122
21131
21136
21144
21146
21152
21161
21163
21204
21205
21208
21209
21210
21212
21221
21225
21231
21234
21237
21286
21401
21403
21409
21620
21701
21702
21703
21738
21754
21769
21770
21771
21774
21784
21788
21601
21619
21666
21794
21921
20002
20003
20005
20007
20008
20009
20011
20012
20015
20016
20017
20018
20020
20036
20109
20111
20112
20115
20124
20132
20137
20141
20147
20151
20152
20155
20158
20165
20169
20170
20171
20176
20180
20181
20190
20191
20194
20197
22003
22015
22025
22027
22030
22032
22033
22039
22041
22043
22044
22046
22066
22101
22102
22124
22152
22153
22180
22181
22182
22192
22193
22202
22203
22205
22206
22207
22302
22304
22305
22306
22307
22308
22309
22310
22311
22312
22314
22554
22603
22655
22712
90024
90031
90032
90034
90039
90041
90042
90043
90045
90049
90065
90066
90069
90230
90232
90240
90242
90245
90247
90250
90254
90260
90265
90266
90272
90274
90275
90277
90278
90293
90302
90402
90403
90404
90405
90501
90503
90504
90505
90706
90710
90712
90713
90731
90732
90744
90745
90803
90805
90807
90808
90814
90815
91007
91011
91016
91030
91103
91104
91105
91106
91107
91108
91201
91202
91205
91206
91214
91302
91307
91311
91320
91324
91342
91350
91356
91360
91364
91401
91403
91406
91411
91501
91505
91604
91606
91607
91754
91770
93012
60004
60005
60006
60007
60008
60009
60016
60017
60018
60019
60022
60025
60026
60029
60038
60043
60053
60055
60056
60062
60065
60067
60068
60070
60074
60076
60077
60078
60082
60090
60091
60093
60094
60095
60103
60104
60107
60130
60131
60141
60153
60154
60155
60159
60160
60161
60162
60163
60164
60165
60168
60171
60173
60176
60179
60192
60193
60194
60195
60196
60201
60202
60203
60204
60208
60209
60301
60302
60303
60304
60305
60402
60406
60409
60411
60412
60415
60419
60422
60425
60426
60429
60430
60438
60443
60445
60452
60453
60454
60455
60456
60457
60458
60459
60461
60462
60463
60464
60465
60466
60467
60469
60471
60472
60473
60475
60476
60477
60478
60480
60482
60499
60501
60513
60525
60526
60527
60534
60546
60558
60601
60602
60603
60604
60605
60606
60607
60608
60609
60610
60611
60612
60613
60614
60615
60616
60617
60618
60619
60620
60621
60622
60623
60624
60625
60626
60628
60629
60630
60631
60632
60633
60634
60636
60637
60638
60639
60640
60641
60642
60643
60644
60645
60646
60647
60649
60651
60652
60653
60654
60655
60656
60657
60659
60660
60661
60663
60664
60665
60666
60667
60668
60669
60670
60671
60672
60673
60674
60675
60677
60678
60680
60681
60683
60684
60685
60687
60690
60691
60693
60694
60697
60699
60701
60706
60707
60712
60714
60803
60804
60805
60827
60101
60105
60106
60108
60114
60116
60117
60125
60126
60128
60132
60133
60137
60138
60139
60143
60148
60157
60172
60181
60184
60185
60186
60187
60188
60189
60190
60191
60197
60198
60199
60439
60504
60514
60515
60516
60517
60519
60521
60522
60523
60532
60540
60555
60559
60561
60563
60565
60566
60567
60570
60572
60598
60599
60109
60110
60118
60119
60120
60121
60122
60123
60134
60136
60140
60144
60147
60151
60170
60174
60175
60177
60182
60183
60505
60506
60507
60510
60511
60539
60542
60554
60568
60428
28006
28012
28016
28021
28032
28034
28051
28052
28053
28054
28055
28056
28077
28098
28101
28120
28164
28031
28036
28070
28078
28104
28105
28106
28126
28130
28134
28201
28202
28203
28204
28205
28206
28207
28208
28209
28210
28211
28212
28213
28214
28215
28216
28217
28218
28219
28220
28221
28222
28223
28224
28225
28226
28227
28228
28229
28230
28231
28232
28233
28234
28235
28236
28237
28240
28241
28242
28243
28244
28246
28247
28250
28253
28254
28255
28256
28258
28260
28261
28262
28265
28266
28269
28270
28272
28273
28274
28275
28277
28278
28280
28281
28282
28283
28284
28285
28286
28287
28288
28289
28290
28296
28297
28299
06095
06443
06484
06074
02536
02816
06405
02703
06082
02632
06460
02649
06111
06489
06066
06492
06109
06824
06410
02780
06457
06475
02865
06070
02920
06488
06450
02879
06611
06032
02864
06437
02842
06461
02871
06371
02921
02818
06037
06010
06880
02852
06001
02891
02563
06351
02919
02532
02882
02806
06770
02664
06033
06107
02840
06614
06355
06117
06473
06084
02886
06470
06340
02675
06512
02760
06360
06413
02648
06516
06825
06477
02893
02673
02878
02809
02537
02601
06357
06776
06514
06040
02747
02896
06795
02790
06468
02347
06071
06078
02767
02813
06798
02645
06482
02885
06035
06471
02766
06013
02540
02889
02906
02835
06042
06339
02888
02777
02631
06416
02904
06335
06525
06790
02917
06019
06029
02748
06498
02559
06479
06517
02743
06096
02857
06441
06385
02771
02911
06423
06480
06716
06708
06118
02828
06478
06612
06424
06062
02642
02895
02633
02860
02635
06238
06483
06422
02740
06067
06712
02653
06076
02655
02915
06085
02892
02910
06237
02908
02717
02726
06092
06378
06379
06472
02660
06043
06053
06415
06234
02720
02769
06787
06026
02638
06759
06333
06417
06110
06513
02719
02657
02721
06057
02562
02762
02745
06447
02644
06762
06615
02830
06248
06419
06359
02668
06320
02832
06279
02738
02914
02905
06278
06705
06401
02718
06524
06606
06108
06093
02556
06418
06515
06281
06119
06779
02916
06249
06751
06704
02576
06231
06239
02814
02639
02739
06511
02667
06060
06412
06098
02817
06052
02837
06786
06420
06890
06088
06114
06791
06073
02630
02724
02770
06016
06455
06250
02822
06106
06105
06370
06604
06069
02646
06268
06426
06438
02831
02804
02641
06756
06090
02859
06081
06442
02723
06089
06226
02670
06481
06260
06375
02808
06469
06382
06777
06783
02779
06794
06605
02881
06757
02764
06241
06706
02812
02651
06752
02763
02839
06403
06247
06784
06255
02643
06750
02744
02671
02553
06384
06280
02669
06027
06058
06254
02672
02659
06785
06519
02650
06354
02662
06023
02652
06256
02666
06444
02827
06763
06754
06039
02838
06068
02663
02348
02565
02634
02636
02637
02712
02714
02741
02742
02761
02768
02783
02815
02824
02836
02841
02854
02877
02883
02912
02918
06011
06022
06030
06034
06041
06045
06050
06061
06064
06079
06080
06083
06087
06102
06104
06123
06126
06127
06128
06131
06132
06133
06134
06137
06138
06140
06141
06142
06143
06144
06145
06146
06147
06151
06152
06153
06155
06160
06161
06167
06176
06180
06183
06199
06230
06233
06244
06245
06246
06258
06263
06265
06266
06267
06336
06338
06349
06350
06353
06372
06376
06383
06386
06389
06411
06454
06459
06474
06487
06491
06493
06494
06495
06497
06501
06502
06503
06504
06505
06506
06507
06508
06509
06521
06530
06532
06533
06534
06535
06536
06537
06538
06540
06602
06673
06701
06703
06720
06721
06722
06723
06724
06725
06726
06749
06753
06781
06792
06828
06838
06881
06888
06889
80015
80013
80525
80127
80538
80134
80634
80123
80014
80128
80122
80526
80126
80537
80027
80504
80020
80301
80503
80233
80016
80439
80227
80129
80026
80401
80005
80112
80231
80241
80111
80138
80304
80031
80524
80004
81301
80120
80228
80920
80130
80918
80104
80003
80906
80501
80021
80601
80121
80220
80602
80550
80234
80017
80012
80108
80210
80919
80232
80132
80465
80631
80403
80516
80226
80302
80303
80517
80237
80922
80124
80305
80528
80433
80513
80109
80209
80917
80011
80211
80911
81212
80534
80219
80215
80107
80521
80909
80206
81601
80207
80222
80831
81007
80921
80236
80033
81507
80904
80487
80224
80923
80615
80621
80498
80007
80023
80022
81005
80212
80125
81506
80002
80113
80247
80907
80110
80863
81416
80205
80421
81521
80817
80443
80435
80218
80030
80239
80701
81303
80540
81623
80461
81637
80916
80118
80018
80543
81632
80214
81620
80910
81211
80640
81201
80235
80424
80908
80751
80230
80542
80915
80603
80238
81650
80905
80102
80203
81403
81657
80549
80135
81122
81147
80903
80116
80470
81505
80651
80246
81006
80466
80106
81647
81428
80440
80422
81008
81413
80136
80816
81526
81611
80643
80530
80642
80925
80452
80447
80644
80536
80477
81321
81226
80202
81240
80117
81223
80133
80814
80103
81645
80442
80645
81432
80828
81230
80951
80535
80808
80444
80654
80545
80610
81236
80478
80432
81233
81602
80420
81251
80001
81615
81527
80510
80497
80546
80137
80926
81523
80457
80105
80024
80035
80037
80040
80042
80045
82051
82058
82083
82052
82055
82063
82070
82071
82072
82073
82084
80044
80046
80151
80160
80161
80165
80166
80038
80028
80306
80314
80321
80322
80323
80328
80329
80471
80533
80208
80244
80248
80250
80251
80256
80257
80259
80261
80262
80264
80265
80266
80271
80273
80274
80279
80280
80281
80290
80291
80293
80294
80295
80163
80841
80912
80913
80914
80929
80931
80934
80935
80936
80937
80938
80939
80940
80942
80943
80944
80945
80946
80947
80950
80960
80977
80995
80997
81290
80006
80419
80453
82001
82003
82005
82006
82007
82008
82009
82050
82053
82054
82059
82060
82061
82081
82082
80553
80826
80649
80705
81002
81009
81010
81011
81012
80551
80633
80638
80639
80646
80742
80754
81227
80426
80463
80468
81228
81642
81656
80479
80483
81414
81420
81636
81231
81247
81522
81220
81411
81422
81429
81433
81426
19406
19382
19087
19380
19335
19403
19446
08054
19460
19426
19020
19067
19063
19038
19320
19002
18940
18974
19711
19454
19083
18914
08080
18901
19438
08081
08055
18902
19047
08003
19468
19073
08053
08016
19355
19810
08088
19701
18938
19014
18966
19312
19342
08094
19010
19341
19317
08226
19702
19027
19348
19709
19064
08234
19008
19096
19422
19803
19046
19111
08033
19128
19808
18929
08096
19465
19473
18976
08204
08034
19006
19119
08260
19440
08205
08203
19425
08077
19147
08690
19040
19301
19707
18951
08051
08002
08691
19146
08075
19444
19525
08021
19150
19145
19026
19044
19003
19475
19072
08048
19085
08505
18964
19343
19401
18944
19130
19086
19350
19462
19428
18969
19115
19053
19114
19050
19333
08009
19025
08610
19030
08406
08618
08302
18954
19012
19904
08037
08108
08022
08361
19116
08109
08628
19152
19004
19805
19390
18977
08332
18947
08620
19807
19060
08015
19034
19075
19066
08202
08010
19373
08243
19015
19901
19061
19082
19126
08036
19352
08098
08638
19078
19809
08230
19018
08360
19344
18960
19007
19081
08071
08318
08322
19041
08251
19734
19977
19031
08083
08244
08215
08247
08090
08030
08035
19311
19363
19520
19055
18073
08084
08070
19934
08068
19070
08223
19033
08097
08079
08027
08091
19372
19036
08518
18972
08020
18930
19938
08403
08067
08078
08562
08242
08049
08515
18054
19076
19706
18077
18942
08041
19017
08089
19947
18076
08212
18936
08241
19407
53101
53102
53104
53109
53140
53141
53142
53143
53144
53152
53158
53159
53168
53170
53171
53179
53181
53192
53194
53004
53012
53021
53024
53074
53080
53092
53097
53105
53108
53126
53139
53167
53177
53182
53185
53401
53402
53403
53404
53405
53406
53407
53408
53490
53114
53115
53120
53121
53125
53128
53138
53147
53148
53157
53176
53184
53190
53191
53195
53585
53002
53017
53022
53027
53033
53037
53040
53060
53076
53086
53090
53095
53005
53007
53008
53018
53029
53045
53046
53051
53052
53056
53058
53064
53066
53069
53072
53089
53103
53118
53119
53122
53127
53146
53149
53150
53151
53153
53183
53186
53187
53188
53189
53101
53102
53104
53109
53114
53115
53125
53128
53140
53141
53142
53143
53144
53147
53148
53152
53157
53158
53159
53168
53170
53171
53176
53179
53181
53184
53191
53192
53194
53195
53505
53525
53585
60001
60002
60004
60005
60006
60007
60008
60009
60010
60011
60012
60013
60014
60015
60016
60017
60018
60019
60020
60021
60022
60025
60026
60029
60030
60031
60033
60034
60035
60037
60038
60039
60040
60041
60042
60044
60045
60046
60047
60048
60049
60050
60051
60053
60055
60056
60060
60061
60062
60064
60065
60067
6006860069
60070
60071
60072
60073
60074
60077
60078
60079
60081
60082
60083
60084
60085
60086
60087
60088
50078
60090
60092
60093
60094
60095
60096
60097
60098
60099
60101
60102
60103
60104
60105
60106
60107
60108
60109
60110
60111
60112
60115
60116
60117
60118
60119
60120
60121
60122
60123
60125
60126
60128
60130
60131
60132
60133
60134
60135
60136
60137
60138
60139
60140
60141
60142
60143
60144
60145
60146
60147
60148
60150
60151
60152
60153
60154
60155
60156
60157
60159
60160
60162
60163
60164
60165
60168
60170
60171
60172
60173
60174
60175
60176
60177
60178
60179
60181
60181
60183
60184
60185
60186
60187
60188
60189
60190
60191
60192
90193
60194
60195
60196
90197
60199
60296
60297
60301
60302
60303
60304
60305
60398
60399
60402
60510
60513
60515
60522
60523
60526
60534
60539
60542
60546
60555
60558
60559
60563
60570
60597
60599
60630
60631
60634
60639
60641
60644
60646
60656
60706
60707
60714
60804
61008
61012
61038
61065
60004
60005
60006
60007
60008
60009
60016
60017
60018
60019
60022
60025
60026
60029
60038
60043
60053
60055
60056
60062
60065
60067
60068
60070
60074
60076
60077
60078
60082
60090
60091
60093
60094
60095
60103
60104
60107
60130
60131
60141
60153
60154
60155
60159
60160
60161
60162
60163
60164
60165
60168
60171
60173
60176
60179
60192
60193
60194
60195
60196
60201
60202
60203
60204
60208
60209
60301
60302
60303
60304
60305
60402
60406
60409
60411
60412
60415
60419
60422
60425
60426
60429
60430
60438
60443
60445
60452
60453
60454
60455
60456
60457
60458
60459
60461
60462
60463
60464
60465
60466
60467
60469
60471
60472
60473
60475
60476
60477
60478
60480
60482
60499
60501
60513
60525
60526
60527
60534
60546
60558
60601
60602
60603
60604
60605
60606
60607
60608
60609
60610
60611
60612
60613
60614
60615
60616
60617
60618
60619
60620
60621
60622
60623
60624
60625
60626
60628
60629
60630
60631
60632
60633
60634
60636
60637
60638
60639
60640
60641
60642
60643
60644
60645
60646
60647
60649
60651
60652
60653
60654
60655
60656
60657
60659
60660
60661
60663
60664
60665
60666
60667
60668
60669
60670
60671
60672
60673
60674
60675
60677
60678
60680
60681
60683
60684
60685
60687
60690
60691
60693
60694
60697
60699
60701
60706
60707
60712
60714
60803
60804
60805
60827
60101
60105
60106
60108
60114
60116
60117
60125
60126
60128
60132
60133
60137
60138
60139
60143
60148
60157
60172
60181
60184
60185
60186
60187
60188
60189
60190
60191
60197
60198
60199
60439
60504
60514
60515
60516
60517
60519
60521
60522
60523
60532
60540
60555
60559
60561
60563
60565
60566
60567
60570
60572
60598
60599
60109
60110
60118
60119
60120
60121
60122
60123
60134
60136
60140
60144
60147
60151
60170
60174
60175
60177
60182
60183
60505
60506
60507
60510
60511
60539
60542
60554
60568
60401
60408
60410
60417
60421
60423
60431
60432
60433
60434
60435
60436
60440
60441
60442
60446
60448
60449
60451
60468
60481
60490
60544
60564
60428
60491
06001
06002
06006
06010
06011
06013
06016
06019
06020
06022
06023
06025
06026
06027
06028
06030
06032
06033
06034
06035
06037
06040
06041
06045
06049
06050
06051
06052
06053
06059
06060
06062
06064
06067
06070
06073
06074
06078
06080
06081
06082
06083
06085
06087
06088
06089
06090
06091
06092
06093
06095
06096
06101
06102
06103
06104
06105
06106
06107
06108
06109
06110
06111
06112
06114
06115
06117
06118
06119
06120
06123
06126
06127
06128
06129
06131
06132
06133
06134
06137
06138
06140
06141
06142
06143
06144
06145
06146
06147
06150
06151
06152
06153
06154
06155
06156
06160
06161
06167
06176
06180
06183
06199
06444
06447
06467
06479
06489
06018
06021
06024
06031
06039
06057
06058
06061
06063
06065
06068
06069
06079
06094
06098
06750
06751
06752
06753
06754
06755
06756
06757
06758
06759
06763
06776
06777
06778
06779
06781
06782
06783
06785
06786
06787
06790
06791
06793
06794
06795
06796
06798
06409
06412
06413
06414
06416
06417
06419
06422
06423
06424
06426
06438
06441
06442
06455
06456
06457
06459
06469
06475
06480
06481
06498
06401
06403
06405
06408
06410
06411
06418
06437
06443
06450
06451
06454
06460
06471
06472
06473
06477
06478
06483
06487
06488
06492
06493
06494
06501
06502
06503
06504
06505
06506
06507
06508
06509
06510
06511
06512
06513
06514
06515
06516
06517
06518
06519
06520
06521
06524
06525
06530
06531
06532
06533
06534
06535
06536
06537
06538
06540
06701
06702
06703
06704
06705
06706
06708
06710
06712
06716
06720
06721
06722
06723
06724
06725
06726
06749
06762
06770
06249
06254
06320
06330
06333
06334
06335
06336
06337
06339
06340
06349
06350
06351
06353
06355
06357
06359
06360
06365
06370
06371
06372
06375
06376
06378
06379
06380
06382
06383
06384
06385
06386
06388
06389
06415
06420
06439
06474
06029
06043
06066
06071
06072
06075
06076
06077
06084
06231
06232
06237
06238
06248
06250
06251
06265
06268
06269
06279
06226
06230
06233
06234
06235
06239
06241
06242
06243
06244
06245
06246
06247
06255
06256
06258
06259
06260
06262
06263
06264
06266
06267
06277
06278
06280
06281
06282
06331
06332
06354
06373
06374
06377
06387

60002
60004
60005
60007
60006
60009
60022
60025
60029
60179
60043
60712
60053
60056
60714
60062
60065
60038
60055
60067
60078
60094
60095
60159
60168
60173
60192
60193
60194
60195
60196
60076
60077
60090
60091
60010
60011
60089
60015
60030
60031
60035
60040
60051
60044
60045
60047
60048
60092
60069
60049
60060
60061
60084
60091
60092
60093
60096
60099
60101
60103
60107
60106
60108
60116
60126
60132
60133
60137
60138
60139
60143
60148
60156
60157
60164
60172
60181
60187
60188
60189
60191
60193
60194
60195
60199
80011
80019
80022
80024
80030
80031
80035
80036
80037
80040
80042
80045
80102
80136
80137
80221
80229
80233
80234
80241
80260
80601
80602
80603
80614
80640
80010
80012
80013
80014
80015
80016
80017
80018
80041
80044
80046
80047
80103
80105
80110
80111
80112
80120
80121
80122
80150
80151
80154
80155
80160
80161
80165
80166
80020
80025
80026
80027
80028
80038
80301
80302
80303
80304
80305
80306
80307
80308
80309
80310
80314
80321
80322
80323
80328
80329
80455
80466
80471
80481
80501
80502
80503
80510
80533
80540
80544
80201
80202
80203
80204
80205
80206
80207
80208
80209
80210
80211
80212
80216
80217
80218
80219
80220
80222
80223
80224
80227
80230
80231
80235
80236
80237
80238
80239
80243
80244
80246
80248
80249
80250
80251
80252
80254
80255
80256
80257
80259
80261
80262
80263
80264
80265
80266
80270
80271
80273
80274
80275
80279
80280
80281
80290
80291
80292
80293
80294
80295
80299
80104
80116
80118
80124
80125
80126
80129
80130
80131
80134
80135
80138
80163
80132
80133
80808
80809
80817
80819
80829
80831
80832
80833
80840
80841
80864
80901
80903
80904
80905
80906
80907
80908
80909
80910
80911
80912
80913
80914
80915
80916
80917
80918
80919
80920
80921
80922
80925
80926
80928
80929
80930
80931
80932
80933
80934
80935
80936
80937
80940
80941
80942
80943
80944
80945
80946
80947
80949
80950
80960
80962
80970
80977
80995
80997
80001
80002
80003
80004
80005
80006
80007
80021
80033
80034
80123
80127
80128
80162
80214
80215
80225
80226
80228
80232
80401
80402
80403
80419
80425
80433
80437
80439
80453
80454
80457
80465
80470
80511
80512
80513
80515
80517
80521
80522
80523
80524
80525
80526
80527
80528
80532
80535
80536
80537
80538
80539
80541
80545
80547
80549
80553
80504
80514
80516
80520
80530
80534
80542
80543
80546
80550
80551
80610
80611
80612
80615
80620
80621
80622
80623
80624
80631
80632
80633
80634
80638
80639
80642
80643
80644
80645
80646
80648
80650
80651
80652
80729
80732
80742
80754
80108
80109
80113
80247
28404
28420
28422
28451
28452
28459
28461
28462
28465
28467
28468
28469
28470
28479
28301
28302
28303
28304
28305
28306
28307
28308
28309
28310
28311
28314
28331
28342
28344
28348
28356
28390
28391
28395
28401
28402
28403
28405
28406
28407
28408
28409
28410
28411
28412
28428
28429
28449
28480
28312
54603
55910
55919
55921
55922
55923
55925
55931
55935
55939
55941
55942
55943
55947
55949
55952
55954
55959
55961
55962
55965
55969
55971
55972
55974
55975
55979
55987
55988
55990
54602
54650
54601
54636
54669
54658
54614
54623
54621
54661
54644
54653
54630
54632
54627
54620
54656
54667
54642
54625
54619
54665
54624
54612
54629
54616
54648
54659
54651
54639
54615
54773
54643
54652
54670
54662
54649
54747
54660
54664
54760
54635
54622
54666
54638
54611
54634
54610
54754
54618
54637
53929
54758
54770
53962
53968
54743
53581
54738
54756
54641
54755
53950
53948
54646
54736
34601
34602
34603
34604
34605
34606
34607
34608
34609
34611
34613
34614
34636
34661
33503
33509
33510
33511
33527
33530
33534
33547
33548
33549
33550
33556
33558
33564
33565
33566
33567
33568
33569
33570
33571
33572
33573
33583
33584
33586
33587
33592
33594
33595
33598
33601
33602
33603
33604
33605
33606
33607
33608
33609
33610
33611
33612
33613
33614
33615
33616
33617
33618
33619
33620
33621
33622
33623
33624
33625
33626
33629
33630
33631
33633
33634
33635
33637
33647
33650
33651
33655
33660
33661
33662
33663
33664
33672
33673
33674
33675
33677
33679
33680
33681
33682
33684
33685
33686
33687
33688
33689
33690
33694
33697
34201
34202
34203
34204
34205
34206
34207
34208
34209
34210
34211
34212
34215
34216
34217
34218
34219
34220
34221
34222
34228
34243
34250
34251
34260
34264
34270
34280
34281
34282
33523
33524
33525
33526
33537
33539
33540
33541
33543
33544
33559
33574
33576
33593
34610
34639
34652
34653
34654
34655
34656
34667
34668
34669
34673
34674
34679
34680
34690
34691
33701
33702
33703
33704
33705
33706
33707
33708
33709
33710
33711
33712
33713
33714
33715
33716
33728
33729
33730
33731
33732
33733
33734
33736
33737
33738
33740
33741
33742
33743
33744
33747
33755
33756
33757
33758
33759
33760
33761
33762
33763
33764
33765
33766
33767
33769
33770
33771
33772
33773
33774
33775
33776
33777
33778
33779
33780
33781
33782
33784
33785
33786
34660
34677
34681
34682
34683
34684
34685
34688
34689
34695
34697
34698
33801
33802
33803
33804
33805
33806
33807
33809
33810
33811
33813
33815
33820
33823
33827
33830
33831
33835
33836
33837
33838
33839
33840
33841
33843
33844
33845
33846
33847
33849
33850
33851
33853
33854
33855
33856
33858
33859
33860
33863
33867
33868
33877
33880
33881
33882
33883
33884
33885
33888
33896
33897
33898
34759
34223
34224
34229
34230
34231
34232
34233
34234
34235
34236
34237
34238
34239
34240
34241
34242
34272
34274
34275
34276
34277
34278
34284
34285
34286
34287
34288
34289
34292
34293
34295
33563
34638
38002
38004
38016
38017
38018
38028
38119
38120
38122
38125
38133
38134
38135
38138
38139
38141
38611
38632
38654
38671
38672
38060
38060
72301
72303
72325
72327
72331
72332
72339
72364
72376
72384
38109
38111
39117
33455
33475
34956
34957
34958
34990
34991
34992
34994
34995
34996
34997
33401
33402
33403
33404
33405
33406
33407
33408
33409
33410
33411
33412
33413
33414
33415
33416
33417
33418
33419
33420
33421
33422
33424
33425
33426
33427
33428
33429
33430
33431
33432
33433
33434
33435
33436
33437
33438
33439
33444
33445
33446
33447
33448
33454
33458
33459
33460
33461
33462
33463
33464
33465
33466
33467
33468
33469
33470
33474
33476
33477
33478
33480
33481
33482
33483
33484
33486
33487
33488
33493
33496
33497
33498
33499
34945
34946
34947
34948
34949
34950
34951
34952
34953
34954
34979
34981
34982
34983
34984
34985
34986
34987
34988
07010
07020
07022
07024
07026
07031
07057
07070
07071
07072
07073
07074
07075
07401
07407
07410
07417
07423
07430
07432
07436
07446
07450
07451
07452
07458
07463
07481
07495
07498
07601
07602
07603
07604
07605
07606
07607
07608
07620
07621
07624
07626
07627
07628
07630
07631
07632
07640
07641
07642
07643
07644
07645
07646
07647
07648
07649
07650
07652
07653
07656
07657
07660
07661
07662
07663
07666
07670
07675
07688
07003
07004
07006
07007
07009
07017
07018
07019
07021
07028
07039
07040
07041
07042
07043
07044
07050
07051
07052
07068
07078
07079
07101
07102
07103
07104
07105
07106
07107
07108
07109
07110
07111
07112
07114
07175
07182
07184
07188
07189
07191
07192
07193
07194
07195
07197
07198
07199
07002
07029
07030
07032
07047
07087
07093
07094
07096
07097
07099
07302
07303
07304
07305
07306
07307
07308
07309
07310
07311
07399
07830
07979
08530
08551
08556
08557
08559
08801
08803
08804
08809
08822
08825
08826
08827
08829
08833
08834
08848
08858
08867
08868
08870
08885
08887
08888
08889
07001
07008
07064
07067
07077
07080
07095
08512
08536
08570
08810
08812
08816
08817
08818
08820
08824
08828
08830
08831
08832
08837
08840
08846
08850
08852
08854
08855
08857
08859
08861
08862
08863
08871
08872
08877
08878
08879
08882
08884
08899
08901
08902
08903
08904
08905
08906
08922
08933
08988
08989
07005
07034
07035
07045
07046
07054
07058
07082
07405
07440
07444
07457
07801
07802
07803
07806
07828
07834
07836
07842
07845
07847
07849
07850
07852
07853
07856
07857
07866
07869
07870
07876
07878
07885
07926
07927
07928
07930
07932
07933
07935
07936
07940
07945
07946
07950
07960
07961
07962
07963
07970
07976
07980
07981
07983
07999
07011
07012
07013
07014
07015
07055
07403
07420
07421
07424
07435
07438
07442
07456
07465
07470
07474
07477
07480
07501
07502
07503
07504
07505
07506
07507
07508
07509
07510
07511
07512
07513
07514
07522
07524
07530
07533
07538
07543
07544
07059
07920
07921
07924
07931
07934
07938
07939
07977
07978
08502
08504
08528
08553
08558
08805
08807
08821
08823
08835
08836
08853
08869
08873
08875
08876
08880
08890
08896
07416
07418
07419
07422
07428
07439
07460
07461
07462
07821
07822
07826
07827
07837
07839
07843
07848
07851
07855
07860
07871
07874
07875
07877
07879
07881
07890
07016
07023
07027
07033
07036
07060
07061
07062
07063
07065
07066
07076
07081
07083
07088
07090
07091
07092
07201
07202
07203
07204
07205
07206
07207
07208
07901
07902
07922
07974
07820
07823
07825
07829
07831
07832
07833
07838
07840
07844
07846
07863
07865
07880
07882
08802
08808
08865
08886
07069
07086
07676
07677
08844
12851
12852
12855
12857
12858
12870
12872
12879
12883
12913
12928
12932
12936
12941
12942
12943
12944
12946
12950
12956
12960
12961
12964
12974
12975
12977
12987
12993
12996
12997
12998
10910
10912
10914
10915
10916
10917
10918
10919
10921
10922
10924
10925
10926
10928
10930
10932
10933
10940
10941
10943
10950
10953
10958
10959
10963
10969
10973
10975
10979
10981
10985
10987
10988
10990
10992
10996
10997
10998
12518
12520
12543
12549
12550
12551
12552
12553
12555
12566
12575
12577
12584
12586
12729
12739
12746
12771
12780
10509
10512
10516
10524
10537
10541
10542
10579
12563
10901
10911
10913
10920
10923
10927
10931
10952
10954
10956
10960
10962
10964
10965
10968
10970
10974
10976
10977
10980
10982
10983
10984
10986
10989
10993
10994
10995
12801
12804
12808
12810
12811
12814
12815
12817
12820
12824
12836
12843
12844
12845
12846
12853
12856
12860
12862
12874
12878
12885
12886
10501
10502
10503
10504
10505
10506
10507
10510
10511
10514
10517
10518
10519
10520
10521
10522
10523
10526
10527
10528
10530
10532
10533
10535
10536
10538
10540
10543
10545
10546
10547
10548
10549
10550
10551
10552
10553
10557
10558
10559
10560
10562
10566
10567
10570
10571
10572
10573
10576
10577
10578
10580
10581
10583
10587
10588
10589
10590
10591
10592
10594
10595
10596
10597
10598
10601
10602
10603
10604
10605
10606
10607
10610
10625
10629
10633
10650
10701
10702
10703
10704
10705
10706
10707
10708
10709
10710
10801
10802
10803
10804
10805
57010
57037
57044
57069
57073
57013
57027
57032
57034
57039
57064
57077
57003
57005
57018
57020
57022
57030
57033
57035
57041
57055
57056
57068
57101
57103
57104
57105
57106
57107
57108
57109
57110
57115
57117
57118
57188
57189
57192
57193
57194
57195
57196
57197
57198
57014
57015
57021
57036
57043
57047
57053
57070
57301
57334
57363
57313
57328
57330
57344
57364
57311
57332
57340
57029
57045
57052
57331
57354
57366
57376
57012
57048
57058
57319
57374
57001
57004
57025
57038
57049
57031
57040
57046
57067
57072
57078
57079
57368
57375
57383
57002
57006
57007
57026
57061
57071
57220
57276
57201
57202
57235
57243
57245
57263
57272
57213
57218
57226
57237
57238
57268
57221
57223
57234
57241
57242
57248
57051
57212
57214
57231
57233
57244
57249
57353
57016
57042
57050
57054
57057
57075
57076
57321
57323
57337
57349
57017
57024
57028
57065
57074
57314
57359
57385
51006
51020
51025
51431
51445
51230
51235
51237
51240
51241
51242
51243
51246
51010
51034
51040
51051
51059
51060
51063
51523
51558
51572
51001
51008
51017
51024
51028
51031
51038
51045
51050
51057
51062
51003
51011
51022
51023
51027
51036
51041
51234
51238
51239
51244
51247
51250
51004
51007
51015
51016
51018
51019
51026
51030
51039
51044
51048
51052
51054
51055
51056
51101
51102
51103
51104
51105
51106
51108
51109
51111
50510
50565
50568
50576
50585
50588
50592
51002
51033
51047
51301
51333
51338
51340
51341
51343
51357
51366
51331
51347
51351
51355
51360
51363
51364
51009
51046
51058
51201
51231
51245
51248
51346
51232
51249
51330
51345
51349
51350
51354
50515
50527
50528
50536
50562
50597
51342
51358
56101
56118
56145
56159
56174
56183
56111
56137
56143
56150
56161
56113
56136
56142
56149
56178
56115
56132
56157
56169
56175
56229
56239
56258
56264
56291
56114
56122
56123
56125
56131
56141
56151
56172
56110
56117
56119
56129
56153
56155
56165
56167
56168
56185
56187
56128
56139
56140
56144
56164
56170
56177
56186
56116
56134
56138
56146
56147
56156
56158
56173
70516
70525
70526
70527
70531
70534
70537
70543
70556
70559
70578
71219
71230
71243
71249
71295
71324
71336
71378
70513
70544
70552
70560
70562
70563
70569
70532
70546
70549
70581
70591
70640
70650
70501
70502
70503
70504
70505
70506
70507
70508
70509
70518
70520
70529
70558
70583
70592
70593
70596
70598
70517
70519
70521
70582
70340
70342
70380
70381
70392
70514
70522
70523
70538
70540
70510
70511
70528
70533
70542
70548
70555
70575
30305
30327
30318
30309
30068
30062
30067
30092
30022
30097
30338
30350
30346
30005
30041
30004
30009
30024
30097
30075
30062
30075
30076
30342
30327
30022
30097
30306
30307
30309
30324
30308
30041
30066
30345
30033
30329
30076
30022
36117
36064
36116
36013
30101
30132
30064
30127
30004
30040
30269
30215
30276
30328
30350
30030
30307
30033
30002
30152
30024
30097
30339
30327
30080
30082
30126
30080
30269
30290
30268
30062
30068
30040
30047
30044
30215
30205
30341
30319
30340
30019
30043
30548
30277
30265
30263
30044
30078
31005
31047
31088
30096
30097
30092
30047
30087
30084
30677
30622
30621
30606
30189
30102
30114
30115
30017
30052
30045
31210
31204
31046
31211
30084
30340
30087
30043
30188
30214
30066
30144
36830
36832
30542
30517
30548
30064
30008
30060
31088
31047
31030
30519
30043
30024
30265
30277
30276
30126
30008
30127
30064
30082
30106
30060
30144
30253
31220
31210
31204
31052
30078
30039
30052
30017
30189
30188
30127
30141
30518
36066
36067
30052
30067
30339
36111
36106
36109
30157
30132
36109
36117
36093
30281
30236
30606
30607
30622
30677
30080
30082
30339
30350
30075
30045
30046
36804
36801
36116
36117
36106
31008
31093
31088
31028
30605
30683
30504
30566
30542
30501
85001
85002
85003
85004
85005
85006
85007
85008
85009
85010
85011
85012
85013
85014
85015
85016
85017
85018
85019
85020
85021
85022
85023
85024
85025
85026
85027
85028
85029
85030
85031
85032
85033
85034
85035
85036
85037
85038
85039
85040
85041
85042
85043
85044
85045
85046
85048
85050
85051
85053
85054
85055
85060
85061
85062
85063
85064
85065
85066
85067
85068
85069
85070
85071
85072
85073
85074
85075
85076
85077
85078
85079
85080
85082
85085
85086
85087
85097
85098
85099
85142
85201
85202
85203
85204
85205
85206
85207
85208
85210
85211
85212
85213
85214
85215
85216
85224
85225
85226
85227
85233
85234
85236
85244
85246
85248
85249
85250
85251
85252
85253
85254
85255
85256
85257
85258
85259
85260
85261
85262
85263
85264
85266
85267
85268
85269
85271
85274
85275
85277
85280
85281
85282
85283
85284
85285
85287
85289
85290
85296
85297
85299
85301
85302
85303
85304
85305
85306
85307
85308
85309
85310
85311
85312
85313
85318
85320
85322
85323
85326
85327
85329
85331
85335
85337
85338
85339
85340
85342
85343
85345
85351
85353
85354
85355
85358
85361
85363
85372
85373
85374
85375
85376
85377
85378
85379
85380
85381
85382
85383
85385
85387
85390
31034
31061
31062
31052
31201
31202
31203
31204
31205
31206
31207
31208
31209
31210
31211
31212
31213
31216
31217
31220
31221
31294
31295
31296
31297
31298
31299
31050
31066
31078
30028
30040
30041
31005
31013
31025
31028
31047
31069
31088
31093
31095
31098
31099
31032
31033
30204
30257
31041
31057
31068
31008
31030
30212
30223
30224
30266
30284
31017
31020
31044
30285
30286
31097
31003
31031
31042
31054
31090
02532
02534
02536
02537
02540
02541
02542
02543
02553
02556
02559
02561
02562
02563
02565
02574
02601
02630
02631
02632
02633
02634
02635
02636
02637
02638
02639
02641
02642
02643
02644
02645
02646
02647
02648
02649
02650
02651
02652
02653
02655
02657
02659
02660
02661
02662
02663
02664
02666
02667
02668
02669
02670
02671
02672
02673
02675
01810
01812
01830
01831
01832
01833
01834
01835
01840
01841
01842
01843
01844
01845
01860
01885
01899
01901
01902
01903
01904
01905
01906
01907
01908
01910
01913
01915
01921
01922
01923
01929
01930
01931
01936
01937
01938
01940
01944
01945
01947
01949
01950
01951
01952
01960
01961
01965
01966
01969
01970
01971
01982
01983
01984
01985
05501
05544
01431
01432
01450
01460
01463
01464
01469
01470
01471
01472
01474
01701
01702
01703
01704
01705
01718
01719
01720
01721
01730
01731
01741
01742
01746
01748
01749
01752
01754
01760
01770
01773
01775
01776
01778
01784
01801
01803
01805
01806
01807
01808
01813
01815
01821
01822
01824
01826
01827
01850
01851
01852
01853
01854
01862
01863
01864
01865
01866
01867
01876
01879
01880
01886
01887
01888
01889
01890
02138
02139
02140
02141
02142
02143
02144
02145
02148
02149
02153
02154
02155
02156
02158
02159
02160
02161
02162
02164
02165
02166
02167
02168
02172
02173
02174
02175
02176
02177
02178
02179
02180
02193
02195
02212
02238
02239
02254
02258
02272
02277
02420
02421
02451
02452
02453
02454
02456
02458
02459
02460
02461
02462
02464
02465
02466
02467
02468
02471
02472
02474
02475
02476
02477
02478
02479
02493
02495
02019
02021
02025
02026
02027
02030
02032
02035
02038
02052
02053
02054
02056
02062
02067
02070
02071
02072
02081
02090
02093
02146
02147
02157
02169
02170
02171
02181
02184
02185
02186
02187
02188
02189
02190
02191
02192
02194
02269
02322
02343
02368
02445
02446
02447
02457
02481
02482
02492
02494
02762
02018
02020
02040
02041
02043
02044
02045
02047
02050
02051
02055
02059
02060
02061
02065
02066
02301
02302
02303
02304
02305
02324
02325
02327
02330
02331
02332
02333
02337
02338
02339
02341
02344
02345
02346
02347
02348
02349
02350
02351
02355
02358
02359
02360
02361
02362
02364
02366
02367
02370
02379
02381
02382
02401
02402
02403
02404
02405
02538
02558
02571
02576
02738
02739
02770
01005
01031
01037
01068
01074
01083
01092
01094
01331
01366
01368
01420
01430
01436
01438
01440
01441
01451
01452
01453
01462
01467
01468
01473
01475
01477
01501
01503
01504
01505
01506
01507
01508
01509
01510
01515
01516
01517
01518
01519
01520
01522
01523
01524
01525
01526
01527
01529
01531
01532
01534
01535
01536
01537
01538
01540
01541
01542
01543
01545
01546
01550
01560
01561
01562
01564
01566
01568
01569
01570
01571
01580
01581
01582
01583
01585
01586
01588
01590
01601
01602
01603
01604
01605
01606
01607
01608
01609
01610
01611
01612
01613
01614
01615
01653
01654
01655
01740
01745
01747
01756
01757
01772
01434
79741
79758
79759
79760
79761
79762
79763
79764
79765
79766
79768
79769
79776
79329
79350
79363
79364
79366
79382
79401
79402
79403
79404
79405
79406
79407
79408
79409
79410
79411
79412
79413
79414
79415
79416
79423
79424
79430
79452
79453
79457
79464
79490
79491
79493
79499
79701
79702
79703
79704
79705
79706
79707
79708
79710
79711
79712
79012
79101
79102
79103
79104
79105
79106
79107
79108
79111
79116
79117
79120
79123
79124
79159
79160
79163
79164
79165
79166
79167
79168
79170
79171
79172
79174
79175
79178
79180
79181
79182
79184
79185
79186
79187
79189
79015
79016
79091
79109
79110
79114
79118
79119
79121
06001
06002
06006
06010
06011
06013
06016
06019
06020
06022
06023
06025
06026
06027
06028
06030
06032
06033
06034
06035
06037
06040
06041
06045
06049
06050
06051
06052
06053
06059
06060
06062
06064
06067
06070
06073
06074
06078
06080
06081
06082
06083
06085
06087
06088
06089
06090
06091
06092
06093
06095
06096
06101
06102
06103
06104
06105
06106
06107
06108
06109
06110
06111
06112
06114
06115
06117
06118
06119
06120
06123
06126
06127
06128
06129
06131
06132
06133
06134
06137
06138
06140
06141
06142
06143
06144
06145
06146
06147
06150
06151
06152
06153
06154
06155
06156
06160
06161
06167
06176
06180
06183
06199
06444
06447
06467
06479
06489
06409
06412
06413
06414
06416
06417
06419
06422
06423
06424
06426
06438
06441
06442
06455
06456
06457
06459
06469
06475
06480
06481
06498
06249
06254
06320
06330
06333
06334
06335
06336
06337
06339
06340
06349
06350
06351
06353
06355
06357
06359
06360
06365
06370
06371
06372
06375
06376
06378
06379
06380
06382
06383
06384
06385
06386
06388
06389
06415
06420
06439
06474
06029
06043
06066
06071
06072
06075
06076
06077
06084
06231
06232
06237
06238
06248
06250
06251
06265
06268
06269
06279
06226
06230
06233
06234
06235
06239
06241
06242
06243
06244
06245
06246
06247
06255
06256
06258
06259
06260
06262
06263
06264
06266
06267
06277
06278
06280
06281
06282
06331
06332
06354
06373
06374
06377
06387
55415
55467
55440
55458
55459
55460
55474
55478
55479
55480
55483
55484
55485
55486
55487
55488
55470
55472
55402
55454
55404
55401
55455
55414
55403
55413
55405
55411
55407
55408
55406
55114
55418
55409
55108
55412
55416
55104
55422
55419
55417
55410
55421
55105
55113
55116
55430
55424
55103
55426
55427
55423
55450
55111
55172
55429
55102
55150
55436
55117
55435
55112
55133
55144
55145
55146
55155
55164
55165
55170
55175
55187
55432
55130
55120
55428
55101
55107
55343
55118
55441
55305
55439
55126
55425
55442
55420
55444
55121
55106
55431
55443
55127
55437
55447
55109
55345
55344
55445
55438
55119
55446
55122
55075
55346
55433
55123
55434
55337
55449
55077
55448
55391
55347
55569
55369
55128
55055
55076
55110
55014
55316
55311
55090
55323
55125
55361
55378
55124
55115
55356
55306
55317
55129
55188
55071
55340
55392
55042
55384
55068
55331
55038
55327
55595
55596
55597
55598
55599
55304
55594
55016
55573
55348
55570
55571
55572
55574
55576
55577
55578
55579
55593
55379
55364
55374
55359
55357
55082
55318
55386
55372
55001
55083
55303
55025
55003
55044
55341
55043
55373
55024
55033
55375
55376
55085
55011
54082
55047
55592
55092
55387
54016
55020
55301
55328
55054
55315
55352
55388
55073
55031
55005
55330
55322
55010
54025
55070
54021
55088
55079
55065
55313
55363
55078
55013
55360
54022
56071
54023
55040
55473
55550
55551
55553
55558
55568
55367
55397
55362
55057
56011
55045
55383
55554
55583
55368
55390
55398
55046
54020
55089
55309
55339
55074
54017
55009
54015
55019
55056
55575
54026
55395
54014
55349
55012
55018
55008
55354
55358
56069
55338
55370
54009
55308
55380
54003
55002
54010
55084
54011
54002
55053
56044
55032
55381
55371
55029
55021
55321
54024
54007
56052
55302
56057
55066
55377
54723
55080
55336
54028
55319
55307
55320
56058
55017
54006
54824
55027
55946
54013
54767
54001
55382
55069
55087
55052
54027
55366
55983
55334
55325
55006
56017
54750
56363
54005
55992
56096
56304
54858
54810
55026
55049
54740
55312
54734
56028
55353
55067
56330
54749
56357
55324
54853
56050
56313
55350
55985
54761
56353
55030
56063
56082
56397
56398
56329
55041
54769
54004
54840
56302
56372
56393
56395
56396
56399
56301
56358
55956
54889
55063
55355
56379
56387
54725
55385
56388
55389
55963
55036
56333
55396
56303
56369
54721
55060
56024
54762
56093
54837
54737
54751
54759
55991
54826
55924
56048
56377
56074
56320
56003
54735
55955
54805
56002
55314
55051
56054
54772
55960
55927
56001
56321
54872
54763
56080
55957
55968
56046
56228
55329
56374
54829
56367
56368
54733
56375
56243
55335
55007
54736
55901
56021
56310
55917
55944
55981
54756
54812
55906
55342
55920
55945
56371
56073
56026
56072
54730
55932
55037
56317
56055
56209
54813
56373
56362
55903
55905
56091
56386
56078
54739
54893
56376
56084
56340
54765
56338
54764
56037
56359
56034
54845
55940
55902
56307
56030
56035
56253
55964
56342
55332
54871
56065
56314
54755
56068
56364
56042
55310
56251
55904
55934
56032
56331
56045
55982
54822
54728
56344
56041
54610
55910
56016
54868
56090
54841
55973
55333
56288
55976
56062
54757
54743
55072
56356
56277
56273
56384
56201
54701
54702
55950
54724
54703
56010
56085
55929
55735
56216
55918
54818
55912
56352
55967
54870
55704
56335
56345
54622
56007
56025
56312
56056
54738
54720
56270
54801
54729
55926
56097
55972
56266
56230
54774
56023
54857
56325
56318
56328
54830
56350
56450
56043
56060
56281
55969
56382
55795
56009
54888
54895
56279
54747
56081
56336
54629
55936
56098
56020
56284
55959
54817
54770
56289
56282
56316
55712
55979
55923
56224
54748
56449
55933
55970
56283
56378
54742
56047
55988
56475
56022
56088
56036
56089
56014
55990
54612
56087
55952
28202
28203
28204
28205
28207
28209
28210
28211
28226
28277
28105
29708
73014
73022
73036
73064
73078
73085
73090
73099
74727
74735
74738
74743
74756
74759
74760
74761
73019
73026
73051
73068
73069
73070
73071
73072
73139
73160
73165
73170
73173
73061
73077
73757
74630
74644
74651
73003
73007
73008
73013
73020
73034
73045
73049
73054
73066
73083
73084
73097
73101
73102
73103
73104
73105
73106
73107
73108
73109
73110
73111
73112
73113
73114
73115
73116
73117
73118
73119
73120
73121
73122
73123
73124
73125
73126
73127
73128
73129
73130
73131
73132
73134
73135
73136
73137
73140
73141
73142
73143
73144
73145
73146
73147
73148
73149
73150
73151
73152
73153
73154
73155
73156
73157
73159
73162
73163
73164
73167
73169
73172
73177
73178
73179
73180
73184
73185
73189
73190
73193
73194
73196
73197
73198
73199
74857