15003
15005
15006
15007
15014
15015
15017
15018
15020
15024
15025
15028
15030
15031
15032
15033
15034
15035
15037
15038
15044
15045
15046
15047
15049
15051
15055
15056
15057
15060
15063
15064
15065
15067
15068
15069
15071
15075
15076
15081
15082
15083
15084
15085
15086
15087
15088
15089
15090
15091
15095
15096
15101
15102
15104
15106
15108
15110
15112
15116
15120
15122
15123
15126
15127
15129
15131
15132
15133
15134
15135
15136
15137
15139
15140
15142
15143
15144
15145
15146
15147
15148
15201
15202
15203
15204
15205
15206
15207
15208
15209
15210
15211
15212
15213
15214
15215
15216
15217
15218
15219
15220
15221
15222
15223
15224
15225
15226
15227
15228
15229
15230
15231
15232
15233
15234
15235
15236
15237
15238
15239
15240
15241
15242
15243
15244
15250
15251
15252
15253
15254
15255
15257
15258
15259
15260
15261
15262
15264
15265
15267
15268
15270
15272
15274
15275
15276
15277
15278
15279
15281
15282
15283
15286
15289
15290
15295
15317
15321
15330
15332
15336
15339
15342
15350
15361
15363
15367
15611
15615
15617
15623
15625
15626
15632
15636
15637
15640
15642
15644
15647
15660
15665
15668
15675
15678
15691
15692
16046
16059
16066
20001
20002
20003
20004
20005
20006
20007
20008
20009
20010
20011
20012
20013
20015
20016
20017
20018
20022
20024
20027
20032
20033
20035
20036
20037
20038
20039
20040
20041
20042
20043
20044
20045
20047
20049
20050
20052
20053
20055
20056
20057
20058
20059
20060
20061
20062
20063
20064
20065
20066
20067
20068
20069
20070
20071
20073
20074
20075
20076
20077
20078
20080
20081
20082
20090
20091
20101
20102
20103
20104
20113
20120
20121
20122
20124
20146
20147
20149
20151
20152
20153
20163
20164
20165
20166
20167
20170
20171
20172
20189
20190
20191
20192
20194
20195
20196
20201
20202
20203
20204
20206
20207
20208
20210
20211
20212
20213
20214
20215
20216
20217
20218
20219
20220
20221
20222
20223
20224
20226
20227
20228
20229
20230
20232
20235
20237
20238
20239
20240
20241
20242
20244
20245
20250
20251
20252
20254
20260
20261
20262
20265
20266
20268
20270
20277
20289
20299
20301
20303
20306
20310
20314
20317
20318
20319
20330
20340
20350
20355
20370
20372
20373
20374
20375
20376
20380
20388
20390
20391
20392
20393
20394
20398
20401
20402
20403
20404
20405
20406
20407
20408
20410
20411
20412
20413
20414
20415
20416
20417
20418
20419
20420
20421
20422
20423
20424
20425
20426
20427
20428
20429
20431
20433
20434
20435
20436
20437
20439
20440
20441
20442
20444
20447
20451
20453
20456
20460
20463
20468
20469
20470
20472
20500
20501
20502
20503
20504
20505
20506
20507
20508
20509
20510
20511
20515
20520
20521
20522
20523
20524
20525
20526
20527
20528
20529
20530
20531
20532
20533
20534
20535
20536
20537
20538
20539
20540
20541
20542
20543
20544
20546
20547
20548
20549
20551
20552
20553
20554
20555
20557
20559
20560
20565
20566
20570
20571
20572
20573
20575
20576
20577
20578
20579
20580
20581
20585
20586
20590
20591
20593
20594
20597
20598
20810
20811
20812
20813
20814
20815
20816
20817
20818
20824
20825
20827
20847
20848
20849
20850
20851
20852
20853
20854
20857
20859
20878
20883
20885
20889
20891
20892
20894
20895
20896
20898
20901
20902
20907
20910
20911
20912
20913
20915
20916
20918
20997
22003
22009
22015
22027
22030
22031
22032
22033
22035
22036
22037
22038
22039
22040
22041
22042
22043
22044
22046
22066
22067
22081
22082
22095
22096
22101
22102
22103
22106
22107
22108
22109
22116
22118
22119
22122
22124
22150
22151
22152
22153
22156
22158
22159
22160
22161
22180
22181
22182
22183
22185
22201
22202
22203
22204
22205
22206
22207
22209
22210
22211
22212
22213
22214
22215
22216
22217
22219
22225
22226
22227
22230
22240
22241
22242
22243
22244
22245
22246
22301
22302
22303
22304
22305
22306
22307
22310
22311
22312
22313
22314
22315
22320
22331
22332
22333
22334
22350
23304
23314
23320
23321
23322
23323
23324
23325
23326
23327
23328
23397
23424
23430
23431
23432
23433
23434
23435
23436
23438
23439
23443
23450
23451
23452
23453
23454
23455
23456
23457
23458
23459
23460
23461
23462
23463
23464
23465
23466
23467
23471
23479
23487
23501
23502
23503
23504
23505
23506
23507
23508
23509
23510
23511
23513
23514
23515
23517
23518
23519
23523
23529
23541
23551
23601
23602
23603
23604
23605
23606
23607
23608
23609
23612
23628
23630
23651
23661
23662
23663
23664
23665
23666
23667
23668
23669
23670
23681
23690
23692
23693
23694
23696
23701
23702
23703
23704
23705
23707
23708
23709
27926
27950
27958
27976
28401
28402
28403
28404
28405
28406
28407
28408
28409
28410
28411
28412
28421
28422
28423
28425
28428
28429
28435
28436
28443
28445
28448
28449
28451
28456
28457
28461
28462
28465
28478
28479
28480
29002
29016
29021
29033
29036
29044
29045
29052
29053
29054
29061
29062
29063
29065
29070
29071
29072
29073
29075
29078
29112
29122
29123
29127
29130
29132
29135
29147
29160
29169
29170
29171
29172
29177
29180
29201
29202
29203
29204
29205
29206
29207
29208
29209
29210
29211
29212
29214
29215
29216
29217
29218
29219
29220
29221
29222
29223
29224
29225
29226
29227
29228
29229
29230
29240
29250
29260
29290
29292
29401
29402
29403
29404
29405
29406
29407
29409
29410
29412
29413
29414
29415
29416
29417
29418
29419
29420
29422
29423
29424
29425
29426
29429
29431
29434
29435
29436
29437
29439
29445
29449
29450
29451
29452
29455
29456
29457
29461
29464
29465
29466
29469
29470
29472
29474
29482
29483
29484
29485
29486
29487
29492
31003
31004
31005
31008
31013
31016
31017
31020
31028
31029
31030
31031
31032
31033
31034
31038
31042
31044
31046
31047
31050
31052
31054
31059
31061
31062
31066
31069
31078
31086
31088
31093
31095
31098
31099
31201
31202
31203
31204
31205
31206
31207
31208
31209
31210
31211
31213
31216
31217
31220
31221
31294
31295
31296
31297
32132
32141
32168
32701
32703
32704
32706
32707
32708
32709
32710
32712
32713
32714
32715
32716
32718
32719
32720
32721
32722
32723
32724
32725
32728
32730
32732
32733
32736
32738
32739
32744
32745
32746
32747
32750
32751
32752
32753
32754
32756
32757
32759
32762
32763
32764
32765
32766
32767
32768
32771
32772
32773
32774
32775
32776
32777
32779
32780
32781
32783
32789
32790
32791
32792
32793
32794
32795
32796
32798
32799
32801
32802
32803
32804
32805
32806
32807
32808
32809
32810
32811
32812
32814
32816
32817
32818
32819
32820
32821
32822
32824
32825
32826
32827
32828
32829
32830
32831
32832
32833
32834
32835
32836
32837
32839
32853
32854
32855
32856
32857
32858
32859
32860
32861
32862
32867
32868
32869
32872
32877
32878
32885
32886
32887
32891
32896
32897
32927
33002
33004
33008
33009
33010
33011
33012
33013
33014
33015
33016
33017
33018
33019
33020
33021
33022
33023
33024
33025
33026
33027
33028
33029
33054
33055
33056
33060
33061
33062
33063
33064
33065
33066
33067
33068
33069
33071
33072
33073
33074
33075
33076
33077
33081
33082
33083
33084
33093
33097
33101
33102
33106
33109
33111
33112
33114
33116
33119
33122
33124
33125
33126
33127
33128
33129
33130
33131
33132
33133
33134
33135
33136
33137
33138
33139
33140
33141
33142
33143
33144
33145
33146
33147
33149
33150
33151
33152
33153
33154
33155
33156
33157
33158
33160
33161
33162
33163
33164
33165
33166
33167
33168
33169
33172
33173
33174
33175
33176
33178
33179
33180
33181
33182
33183
33184
33185
33186
33188
33193
33194
33195
33196
33199
33206
33222
33231
33233
33234
33238
33239
33242
33243
33245
33247
33255
33256
33257
33261
33265
33266
33269
33280
33283
33296
33299
33301
33302
33303
33304
33305
33306
33307
33308
33309
33310
33311
33312
33313
33314
33315
33316
33317
33318
33319
33320
33321
33322
33323
33324
33325
33326
33327
33328
33329
33330
33331
33332
33334
33335
33336
33337
33338
33339
33340
33345
33346
33348
33349
33351
33355
33359
33388
33394
33427
33428
33429
33431
33432
33433
33434
33441
33442
33443
33446
33448
33481
33486
33487
33488
33496
33497
33498
33499
33503
33508
33509
33510
33511
33527
33530
33534
33547
33550
33556
33563
33564
33565
33566
33567
33568
33569
33570
33571
33572
33573
33575
33578
33579
33583
33584
33586
33587
33592
33594
33595
33596
33598
33601
33602
33603
33604
33605
33606
33607
33608
33609
33610
33611
33612
33613
33614
33615
33616
33617
33618
33619
33620
33621
33622
33623
33624
33625
33626
33629
33630
33631
33633
33634
33635
33637
33646
33650
33655
33660
33661
33662
33663
33664
33672
33673
33674
33675
33677
33679
33680
33681
33682
33684
33685
33686
33687
33688
33689
33694
33701
33702
33703
33704
33705
33706
33707
33708
33709
33710
33711
33712
33713
33714
33715
33716
33729
33730
33731
33732
33733
33734
33736
33737
33738
33740
33741
33742
33743
33744
33747
33755
33756
33757
33758
33759
33760
33761
33762
33763
33764
33765
33766
33767
33769
33770
33771
33772
33773
33774
33775
33776
33777
33778
33779
33780
33781
33782
33784
33785
33786
34201
34203
34204
34205
34206
34207
34208
34209
34210
34211
34212
34215
34216
34217
34218
34219
34220
34221
34222
34228
34234
34243
34250
34260
34264
34270
34278
34280
34281
34282
34660
34677
34681
34682
34683
34684
34685
34688
34689
34692
34695
34697
34698
34729
34734
34740
34741
34742
34743
34744
34745
34756
34760
34761
34769
34770
34771
34777
34778
34786
34787
35004
35005
35006
35007
35014
35015
35020
35021
35022
35023
35032
35036
35038
35040
35043
35044
35048
35051
35052
35054
35060
35061
35062
35063
35064
35068
35071
35073
35074
35078
35079
35080
35091
35094
35097
35111
35112
35114
35115
35116
35117
35118
35119
35120
35123
35124
35125
35126
35127
35128
35130
35133
35137
35139
35142
35144
35146
35147
35148
35172
35173
35176
35178
35180
35181
35182
35185
35186
35201
35202
35203
35204
35205
35206
35207
35208
35209
35210
35211
35212
35213
35214
35215
35216
35217
35218
35219
35220
35221
35222
35223
35224
35226
35228
35229
35231
35232
35233
35234
35235
35236
35237
35238
35242
35243
35244
35246
35249
35253
35254
35255
35259
35260
35261
35266
35270
35282
35283
35285
35287
35288
35290
35291
35292
35293
35294
35295
35296
35297
35298
35584
40004
40008
40010
40013
40014
40018
40019
40020
40022
40023
40025
40026
40027
40031
40032
40041
40046
40047
40048
40055
40056
40059
40065
40066
40067
40068
40071
40077
40109
40110
40118
40121
40122
40129
40150
40155
40159
40160
40165
40166
40177
40201
40202
40203
40204
40205
40206
40207
40208
40209
40210
40211
40212
40213
40214
40215
40216
40217
40218
40219
40220
40221
40222
40223
40224
40225
40228
40229
40231
40232
40233
40241
40242
40243
40245
40250
40251
40252
40253
40255
40256
40257
40258
40259
40261
40266
40268
40269
40270
40272
40280
40281
40282
40283
40285
40287
40289
40290
40291
40292
40293
40294
40295
40296
40297
40298
40299
41001
41002
41005
41006
41007
41011
41012
41014
41015
41016
41017
41018
41019
41021
41022
41025
41030
41033
41040
41042
41043
41048
41051
41053
41059
41063
41071
41072
41073
41074
41075
41076
41080
41085
41091
41092
41094
41099
44001
44011
44012
44017
44021
44022
44023
44024
44026
44028
44033
44035
44036
44039
44040
44044
44045
44046
44049
44050
44052
44053
44054
44055
44056
44060
44061
44062
44064
44065
44067
44070
44072
44073
44074
44077
44080
44081
44086
44087
44089
44090
44092
44094
44095
44096
44097
44099
44101
44102
44103
44104
44105
44106
44107
44108
44109
44110
44111
44112
44113
44114
44115
44116
44117
44118
44119
44120
44121
44122
44123
44124
44125
44126
44127
44128
44129
44130
44131
44132
44133
44134
44135
44136
44137
44138
44139
44140
44141
44142
44143
44144
44145
44146
44147
44149
44181
44188
44190
44191
44192
44193
44194
44195
44197
44198
44199
44202
44203
44210
44211
44212
44215
44217
44221
44222
44223
44224
44230
44231
44233
44234
44235
44236
44237
44240
44241
44242
44243
44250
44251
44253
44254
44255
44256
44258
44262
44264
44266
44270
44273
44274
44275
44276
44278
44280
44281
44282
44285
44286
44288
44301
44302
44303
44304
44305
44306
44307
44308
44309
44310
44311
44312
44313
44314
44315
44316
44317
44319
44320
44321
44325
44326
44328
44333
44334
44372
44396
44398
44439
44491
44816
45001
45002
45011
45012
45013
45014
45015
45018
45030
45033
45034
45036
45039
45040
45041
45044
45050
45051
45052
45054
45055
45061
45063
45065
45067
45069
45071
45102
45103
45106
45107
45111
45112
45113
45118
45119
45120
45121
45122
45130
45131
45140
45147
45148
45150
45152
45153
45154
45156
45157
45158
45160
45162
45171
45174
45176
45201
45202
45203
45204
45205
45206
45207
45208
45209
45211
45212
45213
45214
45215
45216
45217
45218
45219
45220
45221
45222
45223
45224
45225
45226
45227
45229
45230
45231
45232
45233
45234
45235
45236
45237
45238
45239
45240
45241
45242
45243
45244
45245
45246
45247
45248
45249
45250
45251
45252
45253
45254
45255
45258
45262
45263
45264
45267
45268
45269
45270
45271
45273
45274
45275
45277
45280
45296
45298
45299
45999
47025
47104
47106
47107
47111
47112
47114
47117
47119
47122
47124
47126
47129
47130
47131
47132
47133
47134
47135
47136
47141
47143
47144
47146
47147
47150
47151
47160
47161
47162
47163
47164
47165
47166
47172
47177
47190
47199
48001
48002
48003
48004
48005
48007
48009
48012
48014
48015
48017
48021
48023
48025
48026
48028
48030
48033
48034
48035
48036
48037
48038
48039
48041
48042
48043
48044
48045
48046
48047
48048
48050
48051
48054
48062
48063
48064
48065
48066
48067
48068
48069
48070
48071
48072
48073
48075
48076
48080
48081
48082
48083
48084
48085
48086
48088
48089
48090
48091
48092
48093
48094
48095
48096
48098
48099
48101
48120
48121
48122
48123
48124
48125
48126
48127
48128
48135
48136
48141
48146
48150
48151
48152
48153
48154
48165
48167
48168
48170
48180
48184
48185
48186
48187
48192
48195
48201
48202
48203
48204
48205
48206
48207
48208
48209
48210
48211
48212
48213
48214
48215
48216
48217
48218
48219
48220
48221
48222
48223
48224
48225
48226
48227
48228
48229
48230
48231
48232
48233
48234
48235
48236
48237
48238
48239
48240
48243
48244
48255
48260
48264
48265
48266
48267
48268
48269
48272
48275
48277
48278
48279
48288
48301
48302
48303
48304
48306
48307
48308
48309
48310
48311
48312
48313
48314
48315
48316
48317
48318
48320
48321
48322
48323
48324
48325
48326
48327
48328
48329
48330
48331
48332
48333
48334
48335
48336
48340
48341
48342
48343
48346
48347
48348
48350
48356
48359
48360
48361
48362
48363
48366
48367
48370
48371
48374
48375
48376
48377
48381
48382
48383
48386
48387
48390
48391
48393
48397
48428
48440
48444
48455
48462
56901
56902
56904
56915
56920
56933
56935
56944
56945
56950
56965
56967
56972
56998
56999
62002
62010
62013
62018
62022
62024
62025
62026
62028
62034
62035
62036
62037
62040
62048
62059
62060
62062
62067
62071
62084
62087
62090
62095
62201
62202
62203
62204
62205
62206
62207
62208
62220
62221
62222
62223
62225
62226
62232
62234
62236
62239
62240
62243
62244
62248
62254
62256
62260
62269
62281
62285
62289
62294
62295
62298
63005
63006
63010
63011
63012
63015
63016
63017
63019
63021
63022
63024
63025
63026
63031
63032
63033
63034
63038
63039
63040
63042
63043
63044
63045
63047
63048
63049
63050
63051
63052
63053
63055
63057
63065
63066
63069
63070
63073
63074
63088
63099
63101
63102
63103
63104
63105
63106
63107
63108
63109
63110
63111
63112
63113
63114
63115
63116
63117
63118
63119
63120
63121
63122
63123
63124
63125
63126
63127
63128
63129
63130
63131
63132
63133
63134
63135
63136
63137
63138
63139
63140
63141
63143
63144
63145
63146
63147
63150
63151
63155
63156
63157
63158
63160
63163
63164
63166
63167
63169
63171
63177
63178
63179
63180
63182
63188
63195
63197
63199
63301
63302
63303
63304
63338
63341
63366
63367
63368
63373
63376
63386
65010
65018
65023
65025
65039
65043
65046
65053
65055
65059
65063
65068
65080
65101
65102
65103
65104
65105
65106
65107
65108
65109
65110
65111
65201
65202
65203
65205
65211
65212
65215
65216
65217
65218
65231
65233
65237
65240
65243
65248
65250
65251
65255
65256
65257
65262
65265
65274
65278
65279
65284
65285
65287
65299
70001
70002
70003
70004
70005
70006
70009
70010
70011
70030
70031
70032
70033
70036
70037
70039
70040
70043
70044
70047
70049
70051
70053
70054
70055
70056
70057
70058
70059
70060
70062
70063
70064
70065
70067
70068
70069
70070
70072
70073
70075
70076
70078
70079
70080
70084
70085
70087
70092
70093
70094
70096
70097
70112
70113
70114
70115
70116
70117
70118
70119
70121
70122
70123
70124
70125
70126
70127
70128
70129
70130
70131
70139
70141
70142
70143
70145
70146
70148
70150
70151
70152
70153
70154
70156
70157
70158
70159
70160
70161
70162
70163
70164
70165
70166
70167
70170
70172
70174
70175
70176
70177
70178
70179
70181
70182
70183
70184
70185
70186
70187
70189
70190
70195
70355
70371
70445
70447
70448
70460
70470
70471
72002
72007
72011
72015
72016
72018
72019
72022
72023
72032
72033
72034
72035
72046
72053
72065
72070
72076
72078
72079
72083
72086
72087
72089
72099
72103
72106
72107
72113
72114
72115
72116
72117
72118
72119
72120
72122
72124
72125
72126
72132
72135
72142
72158
72164
72167
72173
72180
72182
72183
72190
72199
72201
72202
72203
72204
72205
72206
72207
72209
72210
72211
72212
72214
72215
72216
72217
72219
72221
72222
72223
72225
72227
72231
72255
72260
72295
78002
78004
78006
78009
78015
78023
78039
78052
78054
78056
78059
78063
78065
78066
78069
78070
78073
78101
78108
78109
78112
78121
78124
78132
78148
78150
78152
78154
78163
78201
78202
78203
78204
78205
78206
78207
78208
78209
78210
78211
78212
78213
78214
78215
78216
78217
78218
78219
78220
78221
78222
78223
78224
78225
78226
78227
78228
78229
78230
78231
78232
78233
78234
78235
78236
78237
78238
78239
78240
78241
78242
78243
78244
78245
78246
78247
78248
78249
78250
78251
78252
78253
78254
78255
78256
78257
78258
78259
78260
78261
78263
78264
78265
78266
78268
78269
78270
78278
78279
78280
78283
78284
78285
78288
78289
78291
78292
78293
78294
78295
78296
78297
78298
78299
90001
90002
90003
90004
90005
90006
90007
90008
90009
90010
90011
90012
90013
90014
90015
90016
90017
90018
90019
90020
90021
90022
90023
90024
90025
90026
90027
90028
90029
90030
90031
90032
90033
90034
90035
90036
90037
90038
90039
90040
90041
90042
90043
90044
90045
90046
90047
90048
90049
90050
90051
90052
90053
90054
90055
90056
90057
90058
90059
90060
90061
90062
90063
90064
90065
90066
90067
90068
90069
90070
90071
90072
90073
90074
90075
90076
90077
90078
90079
90080
90081
90082
90083
90084
90086
90087
90088
90089
90090
90091
90093
90094
90095
90096
90099
90189
90201
90202
90209
90210
90211
90212
90213
90220
90221
90222
90223
90224
90230
90231
90232
90233
90239
90240
90241
90242
90245
90247
90248
90249
90250
90251
90254
90255
90260
90261
90262
90263
90264
90265
90266
90267
90270
90272
90274
90275
90277
90278
90280
90290
90291
90292
90293
90294
90295
90296
90301
90302
90303
90304
90305
90306
90307
90308
90309
90310
90311
90312
90401
90402
90403
90404
90405
90406
90407
90408
90409
90410
90411
90501
90502
90503
90504
90505
90506
90507
90508
90509
90510
90601
90602
90603
90604
90605
90606
90607
90608
90609
90610
90620
90621
90622
90623
90624
90630
90637
90638
90639
90640
90650
90651
90652
90660
90661
90662
90670
90671
90701
90702
90703
90706
90707
90710
90711
90712
90713
90714
90715
90716
90717
90720
90721
90723
90731
90732
90733
90734
90740
90744
90745
90746
90747
90748
90749
90755
90801
90802
90803
90804
90805
90806
90807
90808
90809
90810
90813
90814
90815
90822
90831
90832
90833
90834
90835
90840
90842
90844
90846
90847
90848
90853
90895
90899
91001
91003
91006
91007
91011
91012
91016
91017
91020
91021
91023
91024
91025
91030
91031
91040
91041
91042
91043
91046
91066
91077
91101
91102
91103
91104
91105
91106
91107
91108
91109
91110
91114
91115
91116
91117
91118
91121
91123
91124
91125
91126
91129
91182
91184
91185
91188
91189
91199
91201
91202
91203
91204
91205
91206
91207
91208
91209
91210
91214
91221
91222
91224
91225
91226
91301
91302
91303
91304
91305
91306
91307
91308
91309
91311
91313
91316
91319
91320
91321
91322
91324
91325
91326
91327
91328
91329
91330
91331
91333
91334
91335
91337
91340
91341
91342
91343
91344
91345
91346
91350
91351
91352
91353
91354
91355
91356
91357
91358
91359
91360
91361
91362
91364
91365
91367
91371
91372
91376
91377
91380
91381
91382
91383
91385
91386
91387
91392
91393
91394
91395
91396
91401
91402
91403
91404
91405
91406
91407
91408
91409
91410
91411
91412
91413
91416
91423
91426
91436
91470
91482
91495
91496
91499
91501
91502
91503
91504
91505
91506
91507
91508
91510
91521
91522
91523
91526
91601
91602
91603
91604
91605
91606
91607
91608
91609
91610
91611
91612
91614
91615
91616
91617
91618
91706
91714
91715
91716
91731
91732
91733
91734
91735
91745
91746
91747
91754
91755
91756
91770
91771
91772
91775
91776
91778
91780
91801
91802
91803
91804
91896
91899
92003
92007
92008
92009
92010
92011
92013
92014
92018
92023
92024
92025
92026
92027
92028
92029
92030
92033
92037
92038
92039
92046
92049
92051
92052
92054
92055
92056
92057
92058
92059
92060
92061
92064
92065
92067
92068
92069
92074
92075
92078
92079
92081
92082
92083
92084
92085
92088
92091
92092
92093
92096
92109
92111
92117
92121
92122
92123
92124
92126
92127
92128
92129
92130
92131
92142
92145
92150
92161
92169
92171
92172
92177
92191
92192
92193
92196
92197
92198
92199
92562
92563
92564
92589
92590
92591
92592
92593
92595
92624
92672
92673
92674
92675
93020
93021
93062
93063
93064
93065
93094
93099