86320
85723
85742
85734
85614
85750
85619
85730
85622
85738
85629
85746
85637
85601
85755
85639
85726
85641
85732
85652
85736
85653
85740
85654
85744
85658
85748
85701
85752
85702
85757
85703
85722
85704
85725
85705
85728
85706
85731
85707
85733
85708
85735
85709
85737
85710
85739
85711
85741
85712
85743
85713
85745
85714
85747
85715
85749
85716
85751
85717
85754
85718
85756
85719
85775
85720
85721
85724
86314
86327
86323
85172
86333
85193
85138
85194
86325
85247
86331
86343
85139
86335
86315
85324
86322
85122
86324
85123
86326
85128
86329
85132
86332
86301
86334
86303
86305
86338
85342
85260
85233
85355
85309
85361
85014
85363
85254
85373
85022
85374
85331
85375
85008
85377
85016
85378
85250
85379
85258
85382
85266
85383
85306
85387
85023
85388
85338
85392
85007
85395
85012
85396
85015
85024
85225
85027
85020
85028
85253
85029
85255
85032
85259
85050
85262
85053
85296
85054
85304
85083
85308
85085
85310
85086
85326
85087
85335
85003
85340
85004
85345
85351
85006
95367
95358
95387
95230
95361
95316
95385
95323
95357
95326
95360
95350
95363
95351
95368
95354
95386
95355
95356
95307
92239
92226
92202
92225
93283
93287
93205
93240
92247
92248
95004
95012
95039
93940
93923
93953
93962
93908
93426
93924
93901
93950
93905
93955
93906
93907
93933
95380
95352
95397
95319
95353
95381
95313
95382
95328
92548
92585
92563
92223
92860
92240
92555
92241
92581
92230
92591
92880
92234
92220
92544
92258
92551
92260
92561
92262
92570
92264
92583
92270
92587
92282
92595
92320
92878
92501
92882
92502
92543
92503
92545
92504
92549
92505
92553
92506
92557
92507
92562
92508
92567
92509
92571
92513
92582
92514
92584
92515
92586
92516
92590
92517
92592
92518
92596
92519
92877
92521
92879
92211
92881
92530
92883
92532
92539
92522
92536
91752
95378
95209
95205
95296
95212
95297
95253
95686
95207
95231
95211
95234
95376
95236
95267
95320
95204
95237
95206
95201
95208
95240
95210
95215
95366
95220
95213
95241
95377
95202
95258
95203
95269
95242
95219
95330
95391
95336
95227
95337
95304
92593
92556
92546
92201
92572
92203
92531
92210
92554
92235
92564
92255
92589
92261
92599
92263
92552
93562
95625
95620
95687
95688
95696
94571
94534
94510
94533
94589
94535
94591
94585
94592
94590
93276
93505
93301
93307
93524
93308
93560
93309
93501
93311
93523
93312
93305
93313
93531
93314
93561
93380
93304
93280
93306
93241
93215
93206
93250
93224
93251
93268
93203
93263
94065
94404
94083
94010
94017
94025
94070
94026
94402
94011
94015
94028
94019
94030
94066
94037
94080
94038
94401
94014
94403
94044
94497
94061
94016
94062
94018
94063
94002
94064
94027
94005
94020
92276
92253
92292
92236
92254
95002
95156
95053
95055
95172
95056
95046
95070
95152
95071
95160
95101
95192
95103
95014
95106
95037
95108
95150
95109
95154
95110
95158
95111
95164
95112
95190
95113
95194
95115
95009
95116
95021
95117
95035
95118
95051
95119
95148
95120
95151
95121
95153
95122
95155
95123
95157
95124
95159
95125
95161
95126
95170
95127
95173
95128
95191
95129
95193
95130
95196
95131
95008
95132
95011
95133
95020
95134
95030
95135
95033
95136
95036
95138
95038
95050
95052
95140
95054
95141
95139
95032
94301
94086
94024
94304
94088
94305
94303
94306
94085
94042
94087
94043
94089
94023
94302
94039
94040
94022
94041
93706
93725
93715
93608
93745
93609
93710
93611
93720
93612
93730
93613
93704
93616
93708
93619
93712
93622
93717
93624
93722
93625
93727
93627
93740
93630
93703
93631
93705
93640
93707
93646
93709
93648
93711
93650
93714
93651
93716
93652
93718
93654
93721
93656
93723
93657
93726
93660
93728
93662
93737
93668
93744
93701
93702
93741
93242
93210
93234
96074
93944
93930
93927
93902
93942
93912
93960
93915
93928
93920
93932
93921
93943
93922
93954
93925
93926
93450
92004
91987
92133
91990
90704
91023
93063
93065
93064
91362
91361
91377
91360
91320
92025
92107
92147
92127
92113
92029
92086
92128
92103
92129
92110
92036
92117
92037
92140
92126
92091
92019
92101
92040
92152
92054
92154
92056
92121
92057
92115
92058
92021
92059
92026
92060
92084
92061
92145
92064
92092
92130
92093
92131
92102
92069
92105
92027
92106
92070
92108
92011
92109
92071
92155
92075
92111
92136
92114
92078
92116
92028
92118
92020
92119
92122
92161
92120
92173
92024
92179
92014
92083
92081
92123
92137
92124
92082
92139
92065
92067
92104
91915
91941
91932
91901
91945
91978
91916
91977
91935
91950
91942
91913
92009
91914
92007
92010
91902
92003
91910
91911
92008
92055
92018
92170
92143
92176
92175
92046
92039
92049
92167
92051
92172
92052
92135
92177
92142
92158
92022
92159
92178
92163
92138
92169
92182
92112
92186
92174
92187
92150
92190
92153
92191
92132
92066
92085
92192
92088
92068
92023
92193
92160
92195
92096
92196
92165
92197
92168
92072
92030
92074
92033
92198
92171
92199
92134
92149
92038
92079
92013
92166
91946
91933
91963
91979
91943
91903
91951
91905
91931
91906
91934
91908
91944
91909
91948
91912
91962
91917
91976
91921
91980
94118
94114
94123
94127
94116
94130
94121
94133
94112
94140
94115
94143
94117
94147
94119
94159
94122
94188
94124
94111
94129
94102
94131
94103
94134
94104
94142
94105
94146
94107
94158
94108
94164
94109
94110
94132
94512
93387
93596
93389
93381
93303
93302
93382
93388
93383
93390
93384
93518
93385
93502
93386
93504
93581
93516
93220
93216
93252
93249
95226
96055
95229
94940
95664
94941
95765
94942
95968
94945
95648
94946
95676
94947
95699
94948
95914
94949
95955
95249
95982
95252
95637
94950
95658
95254
95669
94951
95682
94952
95695
94953
95722
94954
95901
94955
95920
95937
95945
95950
96092
95962
95306
95973
94956
95993
95309
95633
94957
95642
94960
95651
94963
95661
94964
95667
94965
95674
94966
95678
95327
95045
94970
95692
95329
95697
94971
95713
94972
95747
94973
95798
94974
95912
94975
95918
94976
95928
94977
95942
94978
95948
94979
95953
94998
95958
94999
95965
94912
95970
94901
95975
94913
95991
94914
96029
94915
95631
94903
95635
94920
95640
95372
95645
94922
95650
94924
95653
95023
95659
94925
95663
94926
95665
94927
95668
94928
95672
94930
95675
94931
95677
94933
95681
94904
95685
95401
95222
95402
95691
95403
95694
95404
94939
95405
95698
95406
95703
95407
95714
95409
95746
95431
95762
95433
95776
95439
95799
95442
95903
95444
95913
95448
95917
95452
95919
95472
95926
95473
95932
95476
95938
95487
95943
95492
95946
95601
95949
95602
95951
95603
95954
95604
95957
95605
95961
95606
95963
95607
95966
95612
95969
95614
95972
95616
95974
95617
95977
95618
95988
95619
95992
94937
96021
95623
96035
94938
95228
95627
95305
95416
93448
93465
93626
93402
93636
93403
93454
93405
93460
93406
94508
93407
93446
93409
93451
93410
93610
93412
93457
93420
93463
93421
93483
93422
93639
93423
94559
93424
93447
93427
93449
93428
93453
93430
93455
93432
93614
93433
93653
94567
93458
94573
93461
94576
93464
93637
93475
93440
94503
93441
93638
93442
94515
93443
94558
93444
93401
93445
93434
94574
93435
94581
93436
94599
93437
93456
93239
93067
93204
93106
93230
93108
93103
93109
93212
93110
93101
93111
93232
93246
93245
93013
93202
93117
93266
93199
93105
94013
94021
94060
94074
93040
93030
93060
93001
93035
93003
93042
93004
93023
93009
93066
93010
93036
93012
93041
93015
93043
93021
93022
93033
93647
93618
93615
93277
93278
93290
93286
93291
93292
93279
93274
93256
93247
93223
93258
93270
93219
93267
93275
93235
93257
93201
93221
93244
93218
93062
93093
93094
91319
91358
94808
94850
94820
94807
94806
94569
94563
94523
94519
94524
94521
94525
94565
94526
94518
94527
94575
94528
94583
94530
94561
94531
94564
94509
94517
94513
94570
94514
94572
94596
94804
94598
94520
94801
94582
94507
94505
94803
94522
94516
94595
94547
94597
94548
94506
94549
94802
94553
94556
94805
95044
95042
95013
95026
95015
95031
94309
94035
93536
93550
93543
93532
93553
93510
93535
93584
93539
93586
93544
93590
93551
93591
93534
93599
93552
90277
90249
91765
90650
90503
90660
91744
90670
91776
90701
90254
90703
90601
90022
91732
90706
91750
90710
91769
90712
91791
90713
90401
90715
90405
90716
90266
90717
90604
90723
91724
90755
91740
90802
91746
90803
91754
90804
91767
90805
91773
90806
91789
90807
91801
90808
90304
90810
90403
90209
90255
90814
90502
90815
90264
90822
90506
90831
90274
90840
90606
91001
91723
91006
91731
91007
91733
91008
91741
91010
91745
91011
91748
91016
90248
91020
91755
90210
91766
91024
91768
90211
91770
90212
91775
91118
91780
91214
91790
91301
91792
91302
91803
90638
90250
90240
90305
91321
90402
91350
90251
91351
90404
90260
90639
90261
90262
90241
90501
90303
90263
90278
90504
90290
90265
90302
90505
91381
90267
91382
90602
91384
90603
91387
90605
91390
90275
91711
90608
91722
90242
90280
90245
90301
90247
91380
91030
91108
90813
93760
93888
93602
93765
93724
93771
93761
93649
93606
93628
93780
93729
93784
93792
93641
93773
93667
93621
93675
93793
93607
93775
93747
93776
93750
93777
93755
93778
93786
93794
93790
93779
93791
93664
93764
93844
93774
93772
80914
80910
80916
80922
80911
80903
80915
80907
80918
80909
80923
80633
80620
80642
80504
80631
80514
80638
80516
80615
80651
80621
80530
80632
80534
80634
80542
80639
80543
80645
80550
80520
80526
80553
80537
80513
80525
80521
80527
80522
80538
80523
80524
80528
80314
80308
80328
80302
80309
80503
80322
80329
80306
80455
80027
80481
80310
80026
80321
80502
80323
80540
80301
80305
80466
80303
80501
80304
80307
80130
80126
80038
80108
80129
80116
80023
80124
80020
80125
80134
80231
80102
80018
80113
80166
80110
80247
80120
80112
80121
80165
80016
80222
80122
80246
80040
80014
80042
80111
80046
80010
80017
80150
80013
80151
80041
80155
80044
80160
80047
80161
80012
80162
80163
80015
80036
80003
80127
80033
80007
80034
80235
80214
80002
80401
80005
80402
80228
80403
80232
80419
80001
80433
80128
80437
80021
80215
80004
80465
80006
80226
80227
80035
80251
80299
80264
80123
80210
80290
80259
80201
80291
80216
80208
80217
80249
80218
80212
80219
80262
80220
80266
80273
80294
80274
80243
80280
80209
80225
80211
80202
80250
80203
80252
80204
80257
80230
80261
80205
80263
80206
80265
80207
80271
80236
80293
80237
80295
80238
80281
80239
80279
80223
80224
80256
80248
80244
80229
80603
80022
80233
80241
80234
80221
80640
80602
80030
80260
80045
80011
80137
80019
80037
80031
80601
06855
06724
06921
06401
06817
06403
06890
06404
06708
06405
06804
06408
06836
06410
06877
06411
06906
06418
06703
06437
06720
06440
06762
06443
06812
06450
06828
06451
06851
06460
06860
06461
06881
06468
06902
06470
06912
06471
06701
06472
06705
06473
06712
06477
06722
06478
06726
06482
06784
06483
06810
06484
06814
06487
06824
06488
06830
06491
06840
06492
06853
06493
06857
06494
06875
06926
06879
06927
06888
06501
06897
06502
06904
06503
06910
06504
06914
06505
06699
06506
06702
06507
06704
06508
06706
06509
06710
06510
06716
06511
06721
06512
06723
06513
06725
06514
06749
06515
06770
06516
06801
06517
06807
06518
06811
06519
06813
06520
06816
06521
06820
06524
06825
06525
06829
06530
06831
06531
06838
06532
06850
06533
06852
06534
06854
06535
06856
06536
06858
06537
06870
06538
06876
06540
06878
06601
06880
06602
06883
06604
06889
06605
06896
06606
06901
06607
06903
06608
06905
06610
06907
06611
06911
06612
06913
06614
06920
06615
06922
06673
06495
02725
02766
02746
02334
02723
02356
02743
02357
02748
02375
02771
02702
02724
02703
02726
02712
02745
02715
02747
02717
02764
02720
02769
02721
02777
02722
02790
02742
02741
02744
02740
02719
02791
02714
02761
02718
02783
02767
02760
02768
02763
02031
02048
02780
02779
01462
01612
01546
01569
01610
01601
01440
01756
01451
01582
01092
01605
01473
01653
01475
01566
01501
01571
01503
01588
01504
01603
01506
01607
01507
01420
01515
01745
01516
01562
01518
01568
01519
01570
01524
01581
01527
01585
01529
01590
01531
01602
01532
01604
01534
01606
01772
01609
01536
01611
01537
01613
01540
01740
01542
01747
01757
01434
01560
01535
01505
01543
01331
01510
01366
01608
01368
01550
01031
01452
01453
01005
01523
01037
01068
02576
02018
02331
02061
02358
02065
02059
02359
02332
02066
02050
02301
02339
02360
02770
02361
02367
02348
02370
02362
02333
02305
02337
02324
02355
02325
02338
02327
02571
02330
02340
02739
02341
02364
02366
02302
02351
02303
02382
02538
02347
01430
01525
01083
01508
01467
01526
01655
01545
01586
01509
01538
01580
01477
01615
01441
01380
02379
02060
02558
02304
02350
02738
02041
02381
02045
02020
02040
02344
02044
02345
02047
02346
02051
02349
02043
02072
02052
02446
02026
02056
02322
02269
02171
02467
02027
02053
02032
02067
02035
02090
02093
02445
02019
02447
02190
02762
02189
02187
02021
02054
02025
02188
02343
02071
02368
02081
02186
02170
02191
02038
02494
01260
01073
01266
01223
01258
01224
01263
01229
01033
01230
01007
01236
01259
01238
01262
01240
01264
01245
01201
01270
01253
01050
01254
01082
01255
01257
01027
01107
01085
01080
01020
01103
01001
01118
01119
01011
01128
01008
01030
01105
01152
01109
01034
01079
01036
01081
01040
01199
01009
01089
01521
01095
01056
01104
01057
01106
01151
01108
01071
01116
01010
01013
01077
01129
01028
01069
01654
01564
01074
01436
01094
01438
01541
01468
01561
01517
01583
01520
01522
01614
02649
02675
02664
02561
02541
02562
02660
02563
02670
02532
02537
02574
02553
02534
02559
02601
02662
02630
02668
02632
02673
02635
02536
02637
02540
02638
02542
02644
02556
02648
02655
02030
02169
02492
01235
01355
01093
01003
01339
01032
01088
01237
01349
01035
01337
01038
01220
01039
01084
01243
01346
01226
01096
01053
01351
01054
01222
01012
01338
01267
01340
01376
01341
01301
01342
01060
01343
01062
01344
01364
01379
01247
01029
01378
01098
01373
01375
01072
01354
01225
01360
01256
01026
01063
01367
01002
01370
01070
01330
01350
02565
02184
02070
02457
02185
02481
02482
02062
01252
01227
01202
01244
01075
01242
01086
01115
01111
01090
01097
01138
01021
01101
01041
01102
01144
01022
01139
02055
21850
21734
21675
21114
21790
21117
21922
21120
21703
21122
21770
21123
21817
21128
21890
21130
21666
21131
21684
21132
21716
21133
21756
21136
21779
21139
21801
21140
21836
21144
21864
21146
21914
21150
21662
21152
21670
21153
21679
21154
21688
21155
21710
21156
21722
21157
21742
21158
21762
21160
21775
21161
21783
21162
21794
21163
21810
21201
21826
21202
21841
21203
21856
21204
21871
21205
21904
21206
21918
21207
21660
21208
21664
21209
21668
21210
21672
21211
21677
21212
21682
21213
21686
21214
21701
21215
21705
21216
21713
21217
21718
21218
21727
21219
21738
21220
21754
21221
21758
21222
21767
21223
21773
21224
21777
21225
21781
21226
21787
21227
21792
21228
21797
21229
21803
21230
21813
21231
21822
21233
21830
21234
21838
21235
21843
21236
21852
21237
21862
21239
21867
21240
21874
21241
21902
21244
21912
21250
21916
21251
21920
21252
21113
21263
21661
21264
21663
21265
21665
21268
21667
21270
21669
21273
21671
21274
21673
21275
21676
21278
21678
21279
21681
21280
21683
21281
21685
21282
21687
21283
21690
21284
21702
21285
21704
21286
21709
21287
21711
21288
21714
21289
21717
21290
21719
21297
21723
21298
21733
21401
21737
21402
21740
21403
21746
21404
21755
21405
21757
21409
21759
21411
21765
21412
21769
21601
21771
21606
21774
21607
21776
21609
21778
21610
21780
21612
21782
21613
21784
21617
21788
21619
21791
21620
21793
21622
21795
21623
21798
21624
21802
21625
21804
21626
21811
21627
21814
21628
21821
21629
21824
21631
21829
21632
21835
21634
21837
21635
21840
21636
21842
21638
21849
21639
21851
21640
21853
21641
21861
21643
21863
21644
21865
21645
21869
21647
21872
21648
21875
21649
21901
21650
21903
21651
21911
21652
21913
21653
21915
21654
21917
21655
21919
21656
21921
21657
21930
21658
21659
20879
21047
20993
20602
21106
20603
20901
20604
21028
20606
21076
20609
20868
20610
20891
20611
20910
20612
21014
20615
21037
20616
21057
20617
21090
20618
20860
20619
20875
20620
20884
20621
20896
20622
20905
20624
20914
20625
21009
20626
21020
20627
21032
20628
21043
20629
21052
20630
21065
20632
21084
20634
21098
20635
20857
20636
20862
20637
20872
20639
20877
20640
20882
20643
20886
20645
20894
20646
20898
20650
20903
20653
20907
20656
20912
20657
20916
20658
21001
20659
21012
20660
21017
20661
21023
20662
21030
20664
21035
20667
21041
20670
21045
20674
21050
20675
21054
20676
21061
20677
21074
20678
21078
20680
21087
20682
21093
20684
21104
20685
21111
20686
20859
20687
20861
20688
20866
20689
20871
20690
20874
20692
20876
20693
20878
20695
20880
20701
20883
20711
20885
20714
20889
20723
20892
20724
20895
20732
20897
20733
20899
20736
20902
20751
20904
20754
20906
20755
20908
20758
20911
20759
20913
20763
20915
20764
20918
20765
20997
20776
21005
20777
21010
20778
21013
20779
21015
20601
21018
20810
21022
20811
21027
20812
21029
20813
21031
20814
21034
20815
21036
20816
21040
20817
21042
20818
21044
20824
21046
20825
21048
20827
21051
20830
21053
20832
21056
20833
21060
20837
21062
20838
21071
20839
21075
20841
21077
20842
21082
20847
21085
20848
21088
20849
21092
20850
21094
20851
21102
20852
21105
20853
21108
20854
20855
20794
20741
20719
20787
20742
20731
20743
20782
20744
20792
20745
20607
20746
20704
20747
20717
20748
20784
20749
20790
20750
20797
20705
20721
20752
20725
20753
20703
20706
20738
20707
20716
20757
20781
20708
20783
20709
20785
20762
20788
20710
20791
20623
20718
20712
20799
20768
20720
20769
20722
20770
20697
20771
20726
20772
20608
20773
20735
20774
20737
20775
20740
20613
20715
08554
08076
08065
08010
08505
08011
08060
08015
08073
08016
08088
08019
08515
08022
08641
08036
08064
08041
08068
08042
08075
08046
08077
08048
08224
08052
08511
08053
08518
08054
08640
08055
08057
08562
07603
07452
07604
07451
07495
07677
07647
07632
07010
07660
07020
07627
07022
07643
07024
07652
07026
07666
07031
07624
07057
07630
07070
07641
07071
07645
07072
07649
07073
07656
07074
07662
07075
07675
07401
07621
07407
07626
07417
07628
07423
07631
07430
07640
07432
07642
07446
07644
07450
07646
07458
07648
07463
07650
07481
07653
07601
07657
07602
07661
07605
07663
07606
07670
07607
07676
07608
07699
07620
07410
08901
08862
08855
08536
08879
08512
08906
08810
08859
08816
08871
08817
08884
08818
08903
08820
08854
08824
08857
08828
08861
08830
08863
08831
08872
08832
08882
08837
08899
08840
08902
08846
08904
08850
08933
08852
08989
07067
07077
07008
07001
07080
07064
07095
08905
07112
07107
07106
07103
07108
07104
07114
07105
07102
07436
87114
87110
87121
87008
87112
87047
87116
87059
87131
87102
87111
87104
87113
87105
87115
87106
87120
87107
87123
87108
87109
87122
76192
76166
76198
76121
76185
76124
76195
76130
76163
76136
76181
76147
76191
76150
76193
76155
76196
76161
76199
76162
76197
76094
76101
76096
75261
76105
76003
76095
76004
76099
76005
76104
76007
76111
76113
76019
76244
76182
76119
76148
76140
76120
76248
76180
76137
76118
76063
76011
76006
76015
76054
76016
75054
76017
76010
76018
76013
76112
76060
76021
76092
76022
76001
76034
76002
76039
76103
76040
76012
76051
76117
76053
76014
75166
75086
75121
75026
78729
78676
78763
77357
78713
77362
78747
77365
78786
77372
78703
77380
78721
77381
78737
77382
78755
77384
78773
77385
78669
77386
78683
77406
78709
77407
78717
77459
78725
77469
78733
77477
78742
77478
78751
77479
78759
77481
78767
77487
78780
77489
78799
77491
78673
77492
78681
77494
78701
77496
78705
77497
78711
77498
78715
77512
78719
77523
78723
77535
78727
77545
78731
77546
78735
77549
78739
77565
78745
77573
78749
77574
78753
77578
78757
77580
78761
77581
78765
77583
78769
77584
78778
77588
78783
78108
78789
78115
78957
78123
78670
78124
78674
78154
78680
78155
78682
78156
78691
78602
78702
78605
78704
78608
78708
78610
78710
78611
78712
78612
78714
78613
78716
78615
78718
78616
78720
78617
78722
78619
78724
78620
78726
78621
78728
78622
78730
78626
78732
78627
78734
78628
78736
78630
78738
78633
78741
78634
78744
78638
78746
78640
78748
78641
78750
78642
78752
78644
78754
78645
78756
78646
78758
78648
78760
78650
78762
78651
78764
78652
78766
78653
78768
78654
78772
78655
78774
78659
78779
78660
78781
78661
78785
78662
78788
78664
78798
78665
78953
78666
78667
78656
76574
76558
76598
76525
76566
76526
76596
76527
76522
76528
76561
76853
76573
77302
76578
76538
76597
76539
76599
76544
76550
76530
76537
77306
75125
75168
75167
75033
76084
75152
73344
75157
76061
75160
73301
84601
84633
84605
84004
84660
84005
84603
84013
84626
84042
84653
84043
84664
84045
84602
84057
84604
84058
84606
84059
84629
84062
84651
84097
84655
84003
84663
84405
84055
84412
84082
84060
84098
84408
84017
84415
84129
84032
84068
84036
84201
84407
84244
84409
84310
84414
84315
84049
84317
84024
84401
84033
84402
84061
84403
84404
84067
84115
84081
84199
84118
84108
84119
84180
84120
84094
84121
84104
84044
84111
84020
84170
84124
84189
84125
84092
84126
84096
84127
84102
84128
84106
84088
84109
84130
84113
84131
84117
84132
84171
84133
84184
84065
84190
84090
84091
84138
84093
84139
84095
84141
84006
84143
84101
84144
84103
84145
84105
84147
84107
84148
84047
84150
84110
84151
84112
84152
84084
84157
84116
84158
84165
84134
84070
84136
84122
84123
84114
86312
85627
85662
85671
85291
85118
85650
85119
85621
85120
85635
85121
86302
85547
85645
85548
86341
85369
85245
85130
85623
85131
85630
85602
85278
85137
85902
85606
86304
85611
85640
85140
85646
85141
86339
85143
85541
85145
85350
85147
85356
85613
85364
85173
85624
85191
85365
85362
85631
85615
85272
85217
85279
85218
85636
85219
85366
85220
85638
85221
85367
85222
86313
85223
86336
85616
86321
85228
85648
85230
85332
85231
85336
85232
86330
85618
85544
85238
85349
85239
85670
85241
85501
86340
85502
86342
85539
86351
85208
85327
85001
85214
85353
85215
85098
85390
85311
85216
85339
85051
85201
85011
85213
85021
85298
85055
85307
85060
85322
85061
85036
85062
85142
85224
85358
85063
85205
85226
85211
85227
85289
85064
85099
85065
85301
85066
85305
85067
85030
85068
85313
85234
85018
85236
85034
85069
85337
85070
85040
85240
85042
85071
85044
85242
85048
85243
85203
85244
85206
85072
85209
85246
85381
85073
85287
85248
85290
85249
85295
85074
85297
85251
85299
85252
85026
85075
85009
85076
85010
85077
85017
85256
85031
85257
85312
85078
85318
85079
85323
85080
85033
85261
85329
85082
85035
85263
85037
85264
85038
85005
85039
85267
85343
85268
85041
85269
85043
85271
85354
85013
85045
85274
85046
85275
85019
85277
85202
85002
85204
85025
85372
85280
85207
85281
85376
85282
85210
85283
85380
85284
85212
85285
85385
85286
85302
85303
90731
90040
90001
91101
90057
91102
90005
91103
90032
91104
90048
91105
90064
91106
90079
91107
90233
90014
91715
91109
90036
91110
90044
91114
90053
91115
90060
91116
90068
91117
90746
90015
90201
91121
90222
91123
90010
91124
91706
91125
90295
91126
90034
91129
90038
91182
90042
91184
90046
91185
90050
91188
90055
91189
90058
91199
90062
91201
90066
91202
90070
91203
90744
91204
90073
91205
90094
91206
90003
91207
90220
91208
90231
91209
90008
91210
90012
90016
91702
91221
90293
91222
90294
91225
90296
91226
90033
90017
90035
90018
90037
91303
90039
91304
90041
91306
90043
91307
90045
91311
90047
90019
90049
90020
90051
90021
90054
91340
90056
91342
90640
91344
90059
91345
90061
90002
90063
90023
90065
91352
90067
91354
90069
91355
90071
90024
90732
90025
90745
90270
90747
90026
90077
91364
90089
91367
90095
91371
90202
90027
90004
90028
90006
90029
90221
90030
90230
90031
90232
90291
90007
90292
90009
91602
90011
91604
90013
91607
91042
91608
91040
93563
90661
90609
91749
91310
91793
91322
90308
90801
90607
90406
91778
90407
91899
90408
90707
90409
90311
90410
91021
90411
90239
90809
91772
90213
91788
91372
91804
91376
90651
90832
90671
90833
90711
91383
90309
90834
91747
91385
91017
91386
91756
90835
91025
90507
91031
90842
91771
90844
90610
90846
91066
90847
91077
90848
91802
90853
91896
90895
90637
90899
90652
90508
90662
91003
90702
90509
90306
90312
90307
91734
90714
91735
90310
91009
91224
91012
90510
94614
94501
94623
94704
94720
94610
94536
94619
94537
94661
94538
94708
94539
94608
94540
94612
94541
94617
94542
94621
94544
94649
94545
94702
94546
94706
94550
94710
94551
94607
94552
94609
94555
94611
94560
94613
94566
94615
94568
94618
94577
94620
94578
94622
94580
94624
94586
94660
94587
94701
94588
94703
94601
94705
94602
94707
94603
94709
94604
94712
94605
94606
94579
96142
96148
96145
95721
96141
95715
96143
96151
96146
96158
96140
96155
92184
92162
92090
92194
92164
91947
95018
95006
95066
95003
95076
95005
95001
95060
95067
95061
95073
95062
95007
95063
95010
95064
95041
95065
95019
93243
90272
91353
91313
91396
90733
90099
91041
90052
91305
90076
91614
90223
90749
90087
91043
90078
91046
90090
91365
90075
90083
90081
91714
90096
91716
90072
90084
90224
90080
90189
91308
91341
90086
90088
91309
90082
90074
91392
91346
91395
90091
90748
90093
90734
92363
91502
91343
91521
91331
91326
91356
91505
91335
91601
91316
91606
91401
91330
91402
91504
91403
91506
91405
91522
91406
91324
91411
91605
91423
91325
91436
91501
91363
91359
90845
90398
91799
90888
91841
90659
90313
91795
91797
90612
90397
93592
92366
92364
92242
92280
92304
92332
92309
92286
92267
92323
94156
94106
94136
94177
94126
94141
94160
94199
94161
94162
94138
94172
94144
94128
94150
94145
94120
94135
94151
94152
94101
94153
94154
94163
94137
94171
94155
94175
94125
94139
95338
96063
96003
95250
95221
95251
95976
95383
95634
95247
96087
95679
95959
95419
95347
95701
95629
95424
96022
95709
95043
95712
96075
95425
95232
95426
95335
95644
95613
95717
95967
94929
95654
95430
95979
95726
96001
95736
96008
95646
95656
95024
96049
95436
96061
95310
96073
95441
96079
95311
96089
95389
96096
95233
95248
95364
95223
95246
95960
95314
95224
95075
95345
95457
95346
95461
95225
95916
95379
95462
95978
95465
95987
95467
95689
95471
96002
95922
96007
95924
96019
95925
96024
95318
96033
95927
96047
95684
96052
95929
96059
96099
96062
95370
96069
95373
95636
95321
96078
95940
96080
95941
96088
95325
96090
95255
96095
95257
95666
94923
95930
95245
95935
95375
95486
95446
93408
93452
93623
94562
93669
93604
93438
93429
93601
93643
93633
93644
93645
93150
93160
93014
93254
93116
93130
93121
92274
93102
93118
93190
93140
93120
93107
93558
93032
93011
93034
93061
93006
93099
93020
93002
93031
93044
93007
93024
93005
93016
93666
93603
93282
93673
93670
93261
93237
93265
93272
93260
93207
93262
93208
93227
93271
94511
94529
06058
06791
06231
06238
06039
06239
06071
06498
06781
06241
06388
06242
06832
06243
06066
06244
06475
06245
06776
06246
06785
06247
06795
06248
06024
06249
06415
06250
06842
06251
06441
06254
06456
06255
06076
06256
06481
06258
06235
06259
06778
06260
06783
06262
06787
06263
06793
06264
06798
06265
06018
06266
06031
06267
06412
06268
06417
06269
06420
06277
06424
06278
06439
06279
06859
06280
06454
06281
06459
06282
06469
06320
06079
06330
06094
06331
06226
06332
06233
06333
06237
06334
06777
06335
06779
06336
06782
06338
06386
06339
06786
06340
06790
06349
06792
06350
06794
06351
06796
06650
06387
06353
06389
06354
06021
06355
06029
06357
06409
06359
06043
06360
06413
06365
06416
06370
06057
06371
06419
06372
06422
06373
06423
06374
06426
06375
06438
06376
06061
06377
06442
06378
06063
06379
06068
06380
06455
06382
06457
06383
06069
06750
06072
06751
06075
06752
06077
06753
06474
06754
06084
06755
06480
06756
06098
06757
06230
06758
06232
06759
06234
06384
06925
06763
06385
06928
06497
06414
20577
20463
20412
20002
20534
20003
20391
20004
20429
20005
20511
20006
20552
20007
56933
20008
20403
20009
20421
20010
20440
20011
20503
20012
20526
20013
20542
20015
20565
20016
20591
20017
20380
20018
20395
20019
20408
20020
20416
20022
20425
20023
20435
20024
20447
20026
20472
20027
20507
20029
20522
20030
20530
20032
20538
20033
20547
20035
20557
20036
20572
20037
20581
20038
20599
20039
20375
20040
20389
20042
20393
20043
20401
20044
20405
20045
20410
20046
20414
20047
20419
20049
20423
20050
20427
20051
20433
20052
20437
20053
20442
20055
20456
20056
20469
20057
20501
20058
20505
20059
20509
20060
20520
20061
20524
20062
20528
20063
20532
20064
20536
20065
20540
20066
20544
20067
20549
20068
20554
20071
20559
20073
20570
20074
20575
20075
20579
20076
20586
20077
20594
20078
56915
20080
56972
20081
20376
20082
20388
20088
20390
20090
20392
20091
20394
20097
20398
20098
20402
20201
20404
20203
20407
20204
20409
20207
20411
20208
20413
20210
20415
20211
20418
20212
20420
20213
20422
20214
20424
20215
20426
20216
20428
20217
20431
20218
20434
20219
20436
20220
20439
20221
20441
20222
20444
20223
20451
20224
20460
20226
20468
20227
20470
20228
20500
20229
20502
20230
20504
20232
20506
20233
20508
20235
20510
20237
20515
20238
20521
20239
20523
20240
20525
20241
20527
20242
20529
20244
20531
20245
20533
20250
20535
20251
20537
20254
20539
20260
20541
20261
20543
20262
20546
20265
20548
20266
20551
20268
20553
20270
20555
20277
20558
20289
20560
20299
20566
20301
20571
20303
20573
20306
20576
20307
20578
20314
20580
20317
20585
20318
20590
20319
20593
20340
20597
20355
56901
20370
56920
20372
56944
20373
20001
20374
19934
19977
19955
19702
19902
19703
19945
19706
19966
19707
19897
19708
19906
19709
19940
19710
19951
19711
19961
19712
19970
19713
19895
19714
19899
19715
19904
19716
19931
19717
19938
19718
19943
19720
19947
19721
19953
19725
19958
19726
19963
19730
19968
19731
19973
19732
19980
19733
19896
19734
19898
19735
19901
19736
19903
19801
19905
19802
19930
19803
19933
19804
19936
19805
19939
19806
19941
19807
19944
19808
19946
19809
19950
19810
19952
19850
19954
19880
19956
19884
19960
19885
19962
19886
19964
19887
19967
19889
19969
19890
19971
19891
19975
19892
19979
19893
19701
19894
96755
96743
96774
96704
96749
96710
96764
96719
96778
96720
96745
96725
96750
96726
96760
96727
96771
96737
96776
96738
96780
96740
96783
02633
02652
02671
02634
02657
02636
02667
02639
02543
02641
02653
02642
02659
02661
02663
02666
02631
02669
02647
02672
02650
02651
02643
02646
02645
01059
01347
01061
01302
01066
01203
01004
01014
01195
01133
02123
02114
02131
02152
02119
02163
02127
02135
02111
02136
02117
02137
02121
02222
02125
02134
02129
02132
02110
02133
02113
02228
02115
02199
02118
02151
02120
02293
02122
02205
02124
02211
02126
02150
02128
02217
02130
02108
02109
02284
08988
08922
07092
07078
07018
07003
07079
07039
07041
07043
07050
07052
07111
07006
07028
07068
07040
07021
07042
07007
07009
07044
07017
07051
07109
07004
07019
07110
08812
08625
08869
08090
08650
08093
08835
08094
08071
08096
08645
08097
08695
08312
08821
08322
08853
08328
08066
08343
08619
08344
08629
08080
08647
08360
08690
08502
08807
08504
08032
07931
08039
08014
08051
07934
08061
08520
08875
08525
07977
08528
08074
08530
08620
08534
08628
08540
08638
08541
08646
08542
08648
08543
08666
08544
08691
08550
08805
08553
08027
08020
08028
08560
07938
08561
08823
08601
07939
08602
08836
08603
08844
08604
08056
08605
08063
08606
08873
08607
08876
08608
08880
08609
08890
08610
07978
08085
08086
08618
08611
08558
07059
07920
07069
07921
07924
07961
08826
08885
08226
08353
08230
07930
08551
08223
08242
07940
08556
08362
08557
07970
07981
08212
08559
08889
08243
08038
07936
08829
08247
08833
08248
07946
08251
08848
08252
07963
08260
08867
08270
07976
08302
08067
08311
08887
07999
08069
08314
08001
08315
08825
08316
08827
08318
08352
08320
07945
08321
08834
08023
08204
08079
08361
08323
07950
08324
07960
08327
07962
08098
08858
08329
08865
08332
08868
08801
08870
08802
08210
08803
07932
08804
07933
08808
08886
08809
08888
08202
08214
08345
08070
07935
07979
08822
07980
08349
08348
07828
07874
07847
07508
07806
07509
07837
07511
07857
07512
07506
07513
07823
07514
07832
07522
07843
07524
07851
07543
07866
07416
07881
07012
07802
07005
07821
07418
07826
07419
07830
07420
07834
07421
07840
07422
07845
07054
07849
07424
07853
07428
07863
07055
07870
07013
07878
07435
07885
07058
07801
07438
07803
07439
07820
07440
07822
07442
07825
07444
07827
07014
07829
07015
07831
07034
07833
07082
07836
07456
07838
07457
07842
07045
07844
07460
07846
07461
07848
07462
07850
07046
07852
07465
07856
07470
07860
07474
07865
07480
07869
07403
07871
07926
07876
07927
07880
07405
07882
07035
07890
07504
07507
07011
07502
07503
07928
07501
07505
07974
07076
07204
07202
07062
07207
07063
07061
07081
07901
07027
07205
07083
07208
07088
07060
07090
07201
07091
07203
07065
07902
07066
07922
07036
07206
07023
07033
07016
08062
08025
88048
88012
88005
87043
88032
87004
87042
87048
88008
87002
88024
87068
88046
87001
88072
87015
88004
87124
88007
87031
88011
87144
88021
87501
88027
87505
88044
87506
88047
87507
88063
87508
88081
88001
88003
11231
11249
11235
11229
11203
11242
11204
11226
11205
11232
11209
11238
11210
11245
11213
11252
11214
11228
11215
11201
11230
11216
11234
11217
11236
11218
11241
11219
11243
11220
11247
11223
11251
11224
11225
11202
10499
10470
10472
10461
10469
10462
10471
10465
10473
10466
10467
10464
10457
10463
10459
10451
10475
10452
10458
10453
10460
10454
10474
10455
10456
10468
11206
11221
11239
11207
11222
11208
11237
11211
11256
11212
11233
19603
19421
19360
18971
19470
18974
19341
18976
19383
18977
19442
18979
19490
18980
19319
18981
19350
18991
19372
19001
19404
19002
19430
19003
19455
19004
19482
19006
19539
19007
19611
19008
19333
19009
19345
19010
19354
19012
19366
19013
19376
19014
19398
19015
19408
19016
19425
19017
19437
19018
19450
19019
19462
19020
19477
19021
19486
19022
19495
19023
19551
19025
19607
19026
19317
19027
19330
19028
19339
19029
19343
19030
19347
19031
19352
19032
19357
19033
19363
19034
19369
19035
19374
19036
19381
19037
19395
19038
19401
19039
19406
19040
19415
19041
19423
19043
19428
19044
19435
19046
19440
19047
19444
19048
19453
19049
19457
19050
19465
19052
19474
19053
19480
19054
19484
19055
19488
19056
19493
19057
19501
19058
19543
19060
19601
19061
19605
19063
19609
19064
19640
19065
19318
19066
19320
19067
19331
19070
19335
19072
19340
19073
19342
19074
19344
19075
19346
19076
19348
19078
19351
19079
19353
19080
19355
19081
19358
19082
19362
19083
19365
19085
19367
19086
19371
19087
19373
19088
19375
19089
19380
19090
19382
19091
19390
19092
19397
19093
19399
19094
19403
19095
19405
19096
19407
19098
19409
19099
19420
19101
19422
19105
19424
19108
19426
19109
19429
19110
19432
19155
19436
19160
19438
19161
19441
19162
19443
19170
19446
19171
19451
19172
19454
19173
19456
19175
19460
19176
19464
19177
19468
19178
19473
19179
19475
19181
19478
19182
19481
19183
19483
19184
19485
19185
19487
19187
19489
19188
19492
19191
19494
19192
19496
19193
19520
19194
19540
19195
19548
19196
19565
19197
19602
19244
19604
19255
19606
19301
19608
19310
19610
19311
19612
19312
18970
19316
18955
18062
17980
17005
18913
17010
17941
17011
18037
17013
18092
17015
18932
17016
17901
17018
17964
17020
18016
17022
18049
17023
18076
17024
18106
17025
18924
17028
18943
17030
18966
17032
17929
17033
17954
17034
17972
17036
18002
17037
18031
17038
18043
17039
18054
17040
18069
17041
18080
17042
18102
17043
18902
17045
18917
17047
18928
17048
18936
17050
18949
17053
18960
17055
17602
17057
17922
17061
17936
17062
17944
17064
17961
17068
17968
17069
17978
17070
17983
17073
18011
17074
18018
17077
18034
17078
18041
17081
18045
17083
18052
17085
18059
17088
18067
17090
18073
17093
18078
17097
18084
17098
18099
17101
18104
17102
18175
17103
18911
17104
18915
17109
18922
17110
18926
17111
18930
17112
18934
17113
18940
17120
18946
17123
18951
17124
18957
17241
18963
17257
18969
17266
17603
17302
17921
17309
17923
17312
17933
17314
17938
17317
17943
17321
17951
17326
17957
17332
17963
17333
17965
17334
17970
17339
17974
17352
17979
17366
17981
17368
18001
17406
18003
17501
18015
17502
18017
17503
18020
17505
18032
17506
18036
17508
18039
17509
18042
17512
18044
17516
18046
17517
18051
17518
18053
17519
18055
17520
18060
17522
18066
17527
18068
17528
18070
17529
18074
17532
18077
17533
18079
17534
18081
17535
18087
17536
18098
17538
18101
17540
18103
17543
18105
17545
18109
17547
18901
17549
18910
17550
18912
17551
18914
17552
18916
17554
18918
17555
18923
17557
18925
17560
18927
17562
18929
17563
18931
17565
18933
17566
18935
17568
18938
17569
18942
17570
18944
17572
18947
17573
18950
17576
18954
17578
18956
17579
18958
17580
18962
17581
18964
17582
18968
17584
17003
17601
02895
02816
02919
02823
02892
02827
02911
02835
02921
02864
02889
02879
02893
02881
02910
02882
02915
02883
02920
02886
02887
02888
02914
76126
76134
76133
76164
76135
76132
76123
76179
76131
76109
76107
76106
76116
76108
76036
76110
76052
76114
75035
75070
75093
75013
75025
75173
75082
75252
75098
75023
75024
75075
75002
75287
75069
75074
75094
76065
75087
75154
75126
75032
75132
75114
75189
75027
75057
75029
75045
75389
75373
75011
75398
75260
75250
75202
75379
75262
75393
75263
75123
75264
75049
75265
75371
75207
75376
75267
75381
75270
75391
75275
75395
75277
75172
75283
75041
75284
75083
75285
75053
75138
75242
75301
75372
75303
75374
75312
75378
75313
75380
75315
75382
75210
75390
75219
75392
75014
75394
75015
75397
75016
75017
75247
75251
75030
75354
75222
75355
75185
75356
75042
75357
75046
75358
75047
75221
75085
75360
75226
75367
75187
75368
75370
75359
75336
75099
75339
75106
75342
75320
75326
75266
75071
75442
75407
75078
76240
75119
75110
76078
76020
76049
76028
76071
76087
76082
75165
76008
76031
76035
76262
76210
75077
75067
75022
75028
75068
75056
75007
75010
75065
75034
75233
75224
75019
75236
75062
75237
75115
75238
75052
75240
75228
75241
75209
75150
75234
75243
75048
75137
75050
75211
75006
75244
75149
75246
75060
75001
75229
75104
75089
75212
75080
75248
75235
75249
75116
75214
75141
75081
75146
75215
75051
75205
75223
75206
75180
75038
75225
75039
75227
75040
75181
75253
75061
75254
75063
75043
75230
75216
75182
75044
75232
75088
75201
75217
75203
75218
75204
75208
75220
75134
75159
75231
77506
77402
77530
77562
77502
77433
77520
77571
77547
77572
77375
77449
77504
77450
77508
77383
77429
77377
77413
77379
77401
77347
77373
77346
77501
77387
77503
77586
77505
77587
77507
77388
77410
77598
77521
77389
77411
77391
77532
77393
77536
77396
77493
77522
77235
77099
77273
77004
77218
77005
77255
77006
77090
77007
77208
77008
77226
77009
77244
77010
77265
77011
77287
77012
77094
77013
77204
77014
77213
77015
77222
77016
77230
77017
77240
77018
77251
77019
77259
77020
77269
77021
77279
77022
77291
77023
77092
77024
77096
77025
77202
77026
77206
77027
77210
77028
77216
77029
77220
77030
77224
77031
77228
77032
77233
77033
77237
77034
77242
77035
77248
77036
77253
77037
77257
77038
77262
77039
77267
77040
77271
77041
77275
77042
77282
77043
77289
77044
77293
77045
77091
77046
77093
77047
77095
77001
77098
77049
77201
77050
77203
77051
77205
77052
77207
77053
77209
77054
77212
77055
77215
77056
77217
77002
77219
77315
77221
77336
77223
77338
77225
77345
77227
77062
77229
77063
77231
77064
77234
77065
77236
77066
77238
77067
77241
77068
77243
77069
77245
77070
77249
77071
77252
77072
77254
77073
77256
77074
77258
77075
77261
77076
77263
77077
77266
77078
77268
77079
77270
77080
77272
77081
77274
77082
77277
77083
77280
77299
77284
77085
77288
77086
77290
77087
77292
77297
77003
77089
77088
77084
77057
77325
77058
77337
77059
77339
77060
77061
77048
76209
76208
76207
76259
76247
76226
76249
76227
76177
79912
79932
79925
79935
79910
79938
79922
79821
79928
79835
79908
79901
79911
79902
79915
79903
79924
79904
79927
79905
79930
79906
79934
79907
79936
05641
05477
05734
05250
05488
05252
05672
05254
05201
05255
05483
05257
05494
05260
05660
05261
05677
05262
05753
05301
05473
05344
05481
05345
05486
05346
05491
05352
05602
05354
05651
05362
05663
05401
05674
05403
05701
05404
05740
05405
05765
05408
05472
05439
05474
05440
05478
05441
05482
05443
05485
05444
05487
05445
05489
05446
05492
05448
05495
05450
05640
05451
05648
05452
05656
05454
05661
05455
05669
05456
05673
05457
05676
05458
05682
05459
05733
05461
05736
05462
05744
05463
05763
05464
05769
05465
05468
95825
95671
95757
95611
95818
95828
95741
95829
95763
95830
95814
95831
95821
95832
95662
95615
95680
95833
95759
95834
95639
95835
95812
95836
95816
95837
95820
95838
95823
95621
95660
95840
95609
95624
95742
95841
95673
95842
95758
95626
95641
95670
95683
95693
95690
95655
95811
95852
95813
95628
95815
95638
95817
95630
95819
95860
95652
95864
95822
95865
95824
95866
95826
95887
95827
95894
95608
95899
95610
95632
95843
95851
95853
94230
94267
94298
94237
94280
94249
94294
94279
94263
94273
94207
94282
94289
94283
94291
94250
94296
94252
94262
94254
94271
94256
94269
94257
94244
94208
94209
94258
94211
94259
94229
94284
94290
94285
94293
94247
94295
94248
94297
94287
94299
94203
94277
94204
94261
94288
94274
94245
94268
94236
94278
94235
94205
94206
94286
94232
94234
94239
94240
94246
93555
93225
92402
92317
92268
92277
92322
92278
92336
92356
92315
92357
92313
92358
92401
92359
92346
92404
92392
92405
92423
92406
92342
92407
92318
92368
92305
92369
92324
92371
92329
92372
92334
92408
92352
92373
92354
92410
92418
92411
92393
92413
92427
92374
92394
92397
92252
92316
92339
92301
92375
92344
92376
92321
92256
92307
92377
92399
92378
92325
92382
92308
92415
92331
92385
92333
92403
92345
92284
92350
92340
92335
92341
92311
92285
92391
92337
92395
91763
91710
91729
91737
91761
91708
91743
91784
91730
91785
91758
91786
91762
91739
91764
91709
91701
94543
94666
94557
94662
94625
94502
94659
95077
92310
92398
92386
92365
92347
92327
92338
92312
91759
93605
92314
92412
92424
92326
92414
96150
91393
91409
91470
90102
91482
91328
91357
91131
91399
91334
91503
91426
91333
91611
91412
91616
91413
91603
91404
91416
91617
90101
91329
91191
91337
90103
91497
91499
91388
91327
91523
91612
91526
91615
91407
91394
91408
91507
91410
91508
91510
91495
91496
91609
91610
91618
91798
92780
92867
92841
92617
92705
92618
92832
92619
92859
92620
92886
92623
92711
92624
92821
92625
92836
92626
92845
92627
92863
92628
92871
92629
92703
92630
92707
92637
92728
92646
92782
92647
92823
92648
92834
92649
92838
92650
92843
92651
92856
92652
92861
92653
92865
92654
92869
92655
92615
92656
92607
92657
92704
92658
92706
92659
92708
92660
92712
92661
92735
92662
92781
92663
92799
92672
92822
92673
92831
92674
92833
92675
92835
92676
92837
92610
92840
92678
92842
92679
92844
92683
92846
92684
92857
92685
92612
92688
92862
92690
92864
92691
92866
92692
92868
92693
92870
92602
92614
92604
92616
92606
92694
92605
92697
92885
92698
92887
92701
92609
92702
92677
92603
90621
90632
90630
90680
90742
90633
90623
90624
90743
90631
90620
90740
90720
90622
90721
96813
96830
96821
96734
96809
96759
96817
96707
96825
96762
96807
96709
96811
96706
96815
96712
96819
96744
96823
96717
96827
96730
96731
96782
96808
96837
96810
96838
96812
96840
96814
96843
96816
96846
96818
96848
96820
96850
96822
96854
96824
96858
96826
96860
96828
96863
96836
96805
96806
96839
96786
96841
96789
96844
96701
96847
96792
96849
96795
96853
96797
96857
96801
96859
96802
96861
96803
96804
96791
02554
02568
02535
02557
02713
02575
02539
02564
02215
02204
02203
02112
02212
02201
02196
02210
02283
02297
02116
02298
02241
02206
02266
02476
02148
02455
02465
02149
02462
02454
02176
02459
02453
02180
02155
02475
02420
02477
02140
02143
02471
02458
02464
02145
02141
02461
02142
02156
02472
02460
02421
02451
02452
02493
02468
01826
01778
01865
01701
01815
01702
01853
01703
01773
01704
01469
01705
01822
01718
01850
01720
01862
01721
01463
01730
01776
01731
01801
01741
01805
01464
01821
01746
01824
01866
01827
01876
01852
01886
01854
01754
01863
01432
01474
01890
01879
01748
01752
01431
02144
02495
02238
02466
02139
02474
02456
02153
02138
01813
01770
01888
01851
01760
01803
02478
02479
01749
01719
01880
01742
01867
01470
01775
01471
01887
01864
01889
01784
01460
08215
08037
08225
08403
08217
08232
08310
08342
08241
08205
08341
08201
08234
08326
08401
08317
08402
08213
08340
08346
08221
08404
08203
08240
08244
08319
08330
08350
08406
07194
07182
07199
08313
08218
07983
08245
08219
08250
08072
08347
08246
07879
07544
07477
07855
07877
07839
07538
07875
07533
07510
08758
08754
08731
08734
08756
08735
08724
08738
08050
08739
08723
08740
08757
08527
08759
08005
08533
08701
08732
08721
08733
08722
08741
08006
08742
08087
08751
08008
08752
08092
08753
08755
08220
08231
08405
13820
12831
12578
12232
13340
12233
12549
12234
12722
12235
12871
12236
13452
12237
12538
12238
12566
12239
12592
12240
12809
12241
12845
12242
13321
12243
13407
12244
13495
12245
12531
12246
12544
12247
12561
12248
12570
12249
12583
12250
12602
12252
12780
12255
12823
12256
12835
12257
12859
12260
13304
12261
13329
12288
13357
12301
13424
12302
13469
12303
13751
12304
12529
12305
12534
12306
12541
12307
12546
12308
12552
12309
12564
12325
12568
12345
12572
12401
12581
12402
12589
12404
12594
12405
12604
12407
12746
12409
12803
12411
12820
12413
12827
12414
12833
12416
12839
12417
12848
12418
12865
12419
12884
12420
13319
12422
13323
12423
13337
12424
13350
12427
13365
12428
13413
12429
13439
12431
13459
12432
13488
12433
13502
12435
13806
12436
13846
12439
12530
12440
12231
12442
12537
12443
12540
12444
12543
12446
12545
12448
12548
12449
12551
12450
12555
12451
12563
12452
12565
12453
12567
12454
12569
12456
12571
12457
12574
12458
12580
12460
12582
12461
12585
12463
12590
12466
12593
12468
12601
12469
12603
12470
12721
12471
12729
12472
12771
12473
12801
12475
12804
12477
12816
12482
12822
12483
12824
12484
12828
12485
12832
12486
12834
12487
12838
12489
12844
12490
12846
12491
12850
12492
12863
12493
12866
12494
12873
12495
12885
12496
13317
12498
13320
12501
13322
12502
13326
12503
13333
12504
13339
12506
13341
12507
13354
12508
13361
12510
13403
12511
13410
12512
13417
12513
13428
12514
13450
12515
13456
12516
13468
12517
13475
12521
13492
12522
13501
12523
13750
12524
13757
12525
13807
12526
13834
12527
13860
12528
12533
12140
12226
12183
11750
12118
11773
12160
11774
12203
11802
12094
11815
12130
11819
12151
11853
12173
11854
12193
11855
12211
11930
12089
11931
12110
11932
12123
11935
12134
11937
12147
11939
12156
11944
12168
11946
12177
11947
12187
11948
12197
11952
12207
11954
12222
11956
12230
11957
12092
11958
12106
11962
12116
11963
12121
11964
12125
11965
12132
11968
12137
11969
12143
11971
12149
11975
12154
11976
12158
12007
12165
12008
12170
12009
12175
12010
12181
12015
12185
12016
12189
12017
12195
12018
12201
12019
12205
12020
12209
12022
12214
12023
12224
12024
12228
12025
12087
12027
12090
12028
12093
12029
12095
12031
12107
12032
12115
12033
12117
12035
12120
12036
12122
12037
12124
12040
12128
12041
12131
12042
12133
11737
12136
12045
12138
12046
12141
12047
12144
12050
12148
12051
12150
12052
12153
12053
12155
12054
12157
12055
12159
12056
12161
12057
12166
12058
12169
12059
12172
12060
12174
12061
12176
12062
12180
12063
12182
12064
12184
12065
12186
12066
12188
12067
12192
12068
12194
12069
12196
12070
12198
12071
12202
12072
12204
12073
12206
12074
12208
12075
12210
12076
12212
12077
12220
12078
12223
12082
12225
12083
12227
12084
12229
12085
12086
12043
11531
10541
11594
10959
10915
11043
11555
10943
10953
11053
10911
11054
10933
10979
11536
10981
11582
10982
11597
11027
10512
10985
10542
10988
10912
10997
10932
11022
11736
11025
11535
11708
11549
11055
11571
11051
11592
11026
11595
11099
11599
10509
11041
11044
11052
12577
12586
12550
12547
12575
12553
12542
12584
12520
12518
11777
11767
11763
11791
11972
11792
11787
11793
11766
11794
11771
11795
11977
11796
11782
11797
11790
11798
11764
11801
11960
11741
11769
11803
11970
11804
11740
11742
11980
11743
11779
11746
11784
11747
11789
11749
11953
11901
11955
11738
11765
11751
11959
11752
11961
11933
11768
11934
11967
11753
11772
11754
11739
11755
11973
11940
11775
11941
11978
11942
11776
11756
11778
11757
11780
11758
11783
11760
11786
11949
11788
11950
11951
11762
11707
11559
10311
11020
11581
11021
11726
10524
11551
11023
11570
11024
11598
10537
11717
10313
11003
10314
11545
11030
10989
11040
11565
10579
11576
11042
10994
10901
11703
10910
11713
11050
11721
00544
11731
00501
11520
10301
10987
10913
11548
10914
11553
11096
11557
10302
11561
10916
11568
10917
11572
10918
11579
10919
11590
10920
11596
10921
11701
10922
11705
10923
11709
10924
11715
10925
11719
10926
11724
10927
11729
10928
11733
10930
11010
10931
11530
10303
10986
10304
11542
10940
11547
10941
10312
10305
11552
10949
11554
10950
11556
10952
11558
10306
11560
10954
11563
10956
11566
10958
11569
10307
10990
10960
11575
10962
11577
10963
11580
10964
10992
10965
10993
10968
10996
10969
10516
10970
10998
10973
11702
10974
11704
10975
11706
10976
11001
10977
11710
10308
11714
10980
11716
10309
11718
10310
11720
10983
11722
10984
11725
11501
11727
11507
11730
11509
11732
11510
11735
11514
11516
11518
11770
11550
78948
78942
78954
78261
78945
78266
78950
78663
77485
77833
78944
78636
78947
77418
78949
78931
77426
78933
77853
78940
78260
78941
77835
77836
78963
76502
76513
76511
76569
76518
76548
76554
76542
76559
76549
76534
76577
76567
76523
76571
76501
76520
84011
84010
84040
84015
84025
84075
84037
84054
84041
84016
84014
84087
84089
84056
84074
84080
84022
84050
84083
84071
84069
84639
84029
84645
84628
84648