85001
85002
85003
85004
85005
85006
85007
85008
85009
85010
85011
85012
85013
85014
85015
85016
85017
85018
85019
85020
85021
85022
85023
85024
85025
85026
85027
85028
85029
85030
85031
85032
85033
85034
85035
85036
85037
85038
85039
85040
85041
85042
85043
85044
85045
85046
85048
85050
85051
85053
85054
85055
85060
85061
85062
85063
85064
85065
85066
85067
85068
85069
85070
85071
85072
85073
85074
85075
85076
85077
85078
85079
85080
85082
85085
85086
85087
85098
85099
85248
85249
85250
85251
85252
85253
85254
85255
85256
85257
85258
85259
85260
85261
85262
85263
85264
85266
85267
85268
85269
85271
30337
32054
32084
32091
32309
32327
32346
32358
32724
32766
33035
33042
33051
33178
33503
33510
33511
33525
33527
33534
33540
33542
33545
33547
33548
33549
33550
33556
33558
33558
33559
33563
33565
33566
33567
33568
33569
33570
33570
33571
33572
33573
33573
33575
33578
33579
33583
33584
33586
33592
33594
33596
33598
33598
33601
33602
33603
33604
33605
33606
33607
33609
33610
33611
33611
33612
33613
33614
33615
33615
33616
33617
33617
33618
33619
33620
33621
33622
33624
33625
33626
33629
33629
33634
33635
33637
33647
33655
33661
33663
33664
33680
33682
33687
33701
33702
33703
33704
33705
33706
33706
33707
33707
33708
33709
33709
33710
33711
33712
33713
33714
33715
33715
33716
33755
33756
33757
33759
33760
33761
33761
33762
33763
33764
33765
33767
33769
33770
33771
33772
33773
33773
33774
33776
33777
33778
33779
33781
33782
33786
33810
33813
33834
33841
33860
34201
34202
34203
34205
34207
34208
34208
34209
34210
34211
34212
34212
34215
34216
34217
34217
34219
34219
34221
34221
34222
34228
34231
34234
34238
34240
34242
34243
34250
34251
34281
34436
34639
34653
34655
34655
34677
34677
34681
34682
34683
34684
34684
34685
34688
34689
34690
34691
34695
34698
37713
32960
34945
32962
34947
34946
34949
32963
32966
33308
34951
34950
32968
34953
32967
34952
34954
34957
33316
33432
34972
34979
34982
34981
32080
34984
34983
34986
34985
34988
34987
34990
34994
34996
33458
34997
10462
11050
32821
32751
33414
33498
33154
33418
34949
34950
34953
34952
34956
33313
34957
33316
34974
34982
33438
33445
34991
34990
34994
34996
34995
33458
33455
34997
33461
33131
33467
33469
33138
33140
33478
33477
33408
32903
33019
32958
32957
32960
32962
34949
32141
32963
32966
21146
32968
34219
32967
32970
32976
33035
32934
32978
34982
32746
33139
32948
33857
34972
33004
34974
32966
33028
91101
95531
95532
95538
95543
95548
95567
96025
96064
96027
96067
96031
96032
96034
96038
96037
96039
96085
96044
95661
95568
96086
96050
96014
96094
96058
96097
96057
93446
96134
96023
96108
96110
90241
96112
94595
96116
96115
96118
92704
96006
95928
95242
97635
96054
96056
96015
95973
96101
96134
96104
95501
95511
95503
95514
95521
95519
95525
95524
95527
95526
95528
95534
95537
95536
95540
95542
95546
95545
95547
78566
95550
95549
95552
95551
95554
95553
95556
95555
95559
95558
95562
95560
96080
95564
95565
95569
95568
95571
95570
95573
95589
95587
96024
95552
95337
95503
96076
95563
96041
95527
96046
95526
8402
96048
96091
96010
95573
96093
96052
95595
96025
96024
96028
96033
95125
96040
94602
96041
96047
96051
96056
96058
96057
96059
96062
96065
96070
95453
96069
96073
96071
94122
96076
96001
96079
96003
96002
96084
96087
96007
96089
96088
96008
93555
96011
96013
96095
96016
96015
96019
55106
96096
96017
95006
96022
96105
96109
95336
96114
96113
96117
95130
96119
96121
96123
94541
95969
96128
95971
96056
96130
96132
96137
96136
96068
96001
96006
96009
96094
96099
94063
95117
96029
96035
95963
95966
96055
95973
96061
96059
96063
96075
96074
96078
63021
96076
96080
95382
95759
96007
95928
96090
96092
95672
96021
96020
96022
96106
96105
94590
95947
95120
96109
89523
95954
95956
96118
96122
96121
95630
95971
96129
95973
96135
96137
95981
95980
95983
95915
95984
94960
89436
95923
94503
95926
95928
95930
95934
96020
96103
95948
94598
95954
95958
91709
95965
95967
95966
95969
95968
93960
94545
95973
95974
95901
95978
95648
95914
95916
94402
95917
94565
95925
95466
95927
95926
95929
95928
95930
95938
95941
96021
95940
95942
95963
95913
95951
95988
95970
95920
95939
95943
95410
95490
95488
95415
95417
95494
94526
95418
95018
95420
95425
95427
95429
95428
95432
95437
95542
95445
95449
95550
95453
95456
95915
95454
95062
95460
95459
95463
95466
95468
95470
95585
95469
95589
95587
95481
95482
95451
95493
95453
95458
95457
95423
95422
95424
95461
95464
95426
95465
95467
95433
95469
95435
95485
95443
95446
95979
95912
95965
95695
95932
95950
95988
95616
95987
95970
95955
95957
95645
95648
95948
95982
95953
95991
95957
95993
95692
95837
95659
95626
95961
95776
95668
95674
95676
95901
95981
95914
95918
95919
95922
95692
95960
95925
95691
95962
95961
95966
95935
95972
95941
95977
96105
95944
89511
95910
96111
96118
89439
95922
95960
96122
94571
95030
96124
95928
96126
96125
95936
94618
95636
95818
94518
89508
95945
95946
95949
96111
95960
95959
37738
96125
94945
95715
95975
94949
95977
91325
95724
95648
95728
95986
89156
96160
95924
96161
94502
93446
95602
95008
95610
95626
95030
95843
95032
95630
95631
95633
38115
95648
95650
95658
95661
95663
95668
95675
95678
95677
95681
95135
96125
95701
95703
95713
95715
95714
94949
95717
95722
96141
96140
96143
96142
94556
95724
96146
95728
96145
95736
96148
95747
94965
95746
95765
96162
96161
95603
95602
95604
95409
95415
95412
95416
95419
95421
95422
95425
95430
95433
95436
95439
95442
95441
95444
94109
95446
95445
95448
95450
95452
95462
94501
95465
95472
95471
95476
95473
94515
95480
95486
95492
98606
95497
94525
94923
94158
94922
87111
94926
94928
94931
94941
94951
94952
94954
94558
94565
94972
94574
94576
95402
95401
95404
95403
95406
95405
95407
94590
94559
94591
94558
94562
95687
94599
94567
94533
95461
94503
94573
94931
94575
94508
94574
94576
93561
95476
94515
95442
95826
95679
95612
95615
95617
95831
95616
95688
95423
95618
94284
95691
95694
95627
95695
95630
95698
95697
95037
93622
94203
95637
94207
95645
95912
94211
94558
95653
95776
95816
95937
95605
95607
95606
94903
94901
94904
94913
94080
94920
94923
94925
94924
94929
94928
94930
94937
94933
94939
94938
94941
94940
94945
94942
94947
94946
94949
94948
94950
94953
94952
94558
95370
94957
94956
94563
94963
94960
94965
94964
94970
94966
94705
94972
94971
94973
95661
94801
94979
95476
94515
94590
94589
94592
94591
95616
95688
94599
95687
95618
94534
95690
94533
95620
94535
95694
95625
94553
94559
94558
94561
95918
94565
94503
94571
95076
94510
94512
94585
95609
95824
95608
95823
95826
95610
95825
95828
95827
95615
95830
95829
95832
95831
95834
95833
95621
95836
95620
95835
95624
95838
95837
95626
95841
95840
95628
95843
95842
95630
95632
95864
95638
95640
95899
2478
95639
95641
95652
95655
96076
95660
95662
95661
95076
95670
95673
95678
95680
92637
95811
84317
95683
90680
95127
33715
95690
95693
95713
94203
95720
68467
94211
95742
95747
95758
95757
95762
94571
40622
93653
95814
95816
95815
95818
82601
95817
95820
95819
95822
95821
94589
95613
95614
94597
95619
95623
95630
95629
90042
95632
95634
92122
95633
90405
95636
95635
95651
95062
95656
93550
95661
95664
95666
94801
95667
40223
95670
98028
95111
95672
93292
95682
93923
95684
95338
94925
95691
95354
95709
94947
95720
96141
95721
95726
96142
95735
96150
96152
4441
95375
95747
96155
96157
93110
95762
96158
95765
32736
95814
95204
94578
65656
95223
95646
89460
96120
95642
95220
95646
95685
95654
95689
95132
95666
95629
95665
95699
95601
95669
95640
95675
94588
94521
94062
95221
95223
95222
95225
94526
95224
95226
95229
95228
95230
95233
95232
95236
95246
95245
95248
95247
95249
95252
95251
95254
95642
95257
95255
96007
95405
95219
95215
95220
95825
95227
95231
95230
93505
95236
95234
95240
95237
95242
95632
95252
95254
95640
95253
95641
95258
95296
95648
95297
95304
94513
95320
94514
95330
95337
95336
95686
95126
95690
94550
95361
95367
95366
95376
95377
95385
95201
95203
95202
95205
95204
95391
95207
93660
95206
95209
29672
95208
95210
95212
94063
94588
94062
94587
94597
94601
94603
94602
94605
94604
94607
94606
94609
94608
94611
95035
94610
94613
94612
94618
94619
94305
94621
95051
95451
94403
94661
94124
94703
94702
94501
94705
94704
94503
94707
94502
94706
94709
94708
94710
94801
94720
94514
94806
95330
94505
94530
95129
95128
94536
94538
94537
94540
94539
94542
94541
94544
94546
94545
94547
94550
94005
94552
94551
94555
94557
36587
94560
94022
95376
94565
95377
94566
94568
94577
95391
94579
94578
94044
94043
94580
94582
94586
94588
95219
94596
94595
94080
94598
94597
94608
94611
94610
95641
95648
94121
94660
94707
94706
94507
94506
94708
94509
94801
94511
94513
94803
94802
94805
94514
94804
94517
94807
94516
94806
94519
94518
94521
94520
94523
94903
80124
94525
94505
94526
94920
94528
94531
94530
95687
64110
33927
94544
94939
94548
94547
94550
94005
94549
94551
94553
94556
94561
94563
94565
94564
94566
94569
94568
94572
94579
95816
94583
94582
14807
94151
94904
95123
92104
94080
94159
94158
94538
94102
94939
94104
94103
94105
94108
94188
94107
94177
94110
94005
94109
94112
95050
94111
94014
94115
94114
94117
94015
94556
94116
94118
94121
94123
94122
94404
94124
94127
94126
94129
94131
94133
94132
94134
94139
94143
92262
94061
94063
94062
94065
94066
94070
94080
94920
94074
95023
94602
94089
94301
94002
94107
94010
94303
94005
94112
94014
94553
98277
94015
94018
94401
94020
94403
94957
94019
94402
94021
94404
94960
94025
94028
94027
94030
94038
94037
94134
94579
94044
94061
94060
95009
95008
95013
95014
92275
95020
94085
54628
95023
94087
94086
94089
95031
95030
95033
95032
95035
95037
94301
95042
94303
95044
94305
95050
94304
95046
94306
95051
95054
95066
95070
95076
95103
95108
95111
95110
95113
95112
95117
95116
95119
95118
95121
95120
95123
94526
95122
95125
95124
95127
95126
95129
95128
95131
95130
95133
95132
95135
94539
95134
95136
95139
95138
95141
18104
95140
95148
94550
95151
95150
94020
94022
94024
95190
94025
94028
94568
94030
94040
94041
94043
95002
32323
95006
95008
95010
95060
95018
95062
95017
95020
95065
95019
95064
95066
95031
95073
95030
95033
95076
95001
95041
95003
95005
95007
94060
95006
95329
95328
95610
95337
95336
95230
95236
95351
95350
95353
95352
95355
95354
95357
95247
95356
95360
95358
94550
95363
95361
95367
95368
95304
95380
29118
95307
95382
95381
95313
95385
95201
95387
95076
95386
95316
95319
94513
95323
95322
95326
95329
95335
95223
63368
95126
95346
95347
93510
95356
95364
95258
95372
95370
95375
95305
95309
95380
95379
95311
95310
93436
95383
95316
95321
95209
95324
95327
95212
93529
96107
93541
92653
93546
91709
93512
93514
92075
93656
91030
93517
96133
90049
89147
11428
92630
93530
92328
93542
93545
93549
79035
92384
93555
92389
93514
93513
93517
93522
95602
93527
91320
93526
93670
93208
93215
93212
93673
93218
93216
93219
91001
93222
93221
93223
93230
93227
93237
93235
93238
90043
91040
93244
93247
94110
93250
93527
93257
93256
93260
93258
93261
93265
93267
93270
93272
93271
93275
93274
93277
89103
93279
93282
93280
93286
93291
93292
8107
93304
93730
93306
93603
93312
95127
93311
92024
93940
93615
93619
92386
93618
93402
93633
93631
93422
85225
91331
93641
93646
93647
93436
91350
93654
91351
93201
90274
93444
93666
93207
93631
93212
93222
93266
93230
93232
93239
93656
93242
93203
93245
93202
93204
93453
93452
93455
93454
91780
93013
90302
93461
91006
93465
92675
68853
93401
93402
93406
93405
93408
94112
93407
93252
93420
93422
93424
93426
93428
93432
93430
93433
93436
93435
93442
93445
93444
93447
93446
93449
93451
93210
93908
93907
95608
93921
93920
95012
93923
93925
93924
93927
93926
93930
93928
93933
93932
93942
93940
95030
93944
93943
93953
93950
93955
93954
75225
93962
90212
90405
93960
95039
95043
94549
94121
94563
93426
93429
94507
95076
90272
93901
95004
93451
93906
93450
93905
93210
95075
95043
93930
95023
95045
95004
95024
95333
95334
95340
95341
93610
95343
95348
93620
93622
94301
95360
95363
95365
93635
95369
95301
95374
95304
95303
95306
95380
91335
95312
95315
95317
95316
95388
95322
93665
95324
95329
95333
95369
93601
95338
95306
95311
95345
95389
93653
95318
93623
95321
95325
90020
93669
92530
92536
96034
92544
89402
91011
93720
93514
92301
93724
92308
93726
95045
90049
92314
93534
95453
91913
93532
91916
95918
91935
92333
93546
92336
93553
95467
95666
93636
95476
96094
93560
93283
95671
92004
93602
92007
93601
93604
95688
92372
93610
95519
92657
95346
93614
95526
93619
95966
95968
92675
93623
93622
4664
91311
92040
92679
93405
93626
91320
92223
92688
93638
94559
93637
95370
92059
92234
92410
92694
92415
93644
95746
93643
93645
91342
91761
93653
91351
90272
96020
93207
93210
93669
93675
93702
93701
63675
93704
93703
93706
93705
93710
93711
93234
92114
93720
93722
90404
93721
93725
93242
93724
93727
93726
93728
93740
93750
91105
90605
93778
93550
92881
93636
93723
93888
95110
92354
91203
93602
95120
93730
93603
93606
95124
93605
93608
93607
93930
93609
93612
93611
93614
93616
95531
93619
93618
93621
93620
93622
93625
93624
93627
92399
93626
93630
93628
93633
93631
95366
93634
93640
90746
93642
93641
95377
93646
93648
93647
93436
93650
93649
93652
90808
93651
93737
93654
93657
93656
91762
93660
93664
93662
93204
93668
92804
93667
90033
93504
91902
91901
91905
91908
91906
91910
91909
91912
91911
91914
91913
91916
91915
91921
91917
91932
91931
91934
91941
91935
91942
91945
91950
91948
91962
91963
91978
91977
91980
93591
92004
92003
91206
92008
92007
92010
92368
92009
92011
92014
92020
93030
92019
92021
92024
92026
92025
92028
92027
92029
92036
92033
92037
92040
92049
92051
92054
92057
92056
92059
92058
92061
92060
92065
92064
92067
92066
92069
92068
92071
92070
92078
92075
92081
92079
92083
92082
92084
92086
92091
92093
92092
92101
92096
92103
92102
92105
92104
92107
92106
92109
92108
92111
92110
92113
92112
92115
92114
92117
59602
92116
92119
92562
92118
92121
92120
92123
92122
92126
92124
92128
92127
92130
92129
92132
92131
92134
92591
92138
92137
92140
92596
92139
92145
92155
92154
92159
92158
92171
92173
92175
95951
92179
92651
92178
92182
92186
92198
92672
92694
91752
34748
13131
14586
14603
14604
14605
14606
14607
14608
14609
14610
14611
14612
14613
14410
14614
14411
14615
14616
14414
14617
14618
14416
14619
14620
14420
14621
14622
14423
14623
14424
14624
14625
14626
14428
14639
14432
14445
14450
14652
12528
14692
14694
14464
14467
14468
14470
14471
14472
14475
14476
14482
14502
14504
14506
14511
10034
14514
14515
14519
14526
14534
42519
12440
14543
14546
13360
14559
14564
14580
14480
14481
14482
14485
14486
14487
14488
14592
14822
14510
14511
14512
14836
14517
14414
14525
14423
14846
14530
14533
14435
14437
14539
33953
14545
12993
14546
14454
14462
14551
14466
14558
14560
14471
14472
14884
14572
14020
14813
14024
14029
14822
12041
12210
14615
14836
14051
14052
14843
14424
14846
14626
14850
14428
14060
14065
14437
14454
14086
11789
14094
14707
14468
14708
14877
14709
14880
14711
14714
13033
14715
14884
14717
14721
14895
14897
14727
14735
14737
14739
14517
14744
14745
14754
28117
16748
14536
14760
14770
14774
14546
14777
14550
14218
14786
14559
14801
13406
14802
14803
14006
14804
14009
14806
14228
14807
14809
14810
14812
14814
14815
14819
14820
14821
14823
14826
14827
14830
14831
14837
14838
14839
14840
14418
14843
14845
14855
14856
14437
14858
13484
16929
14870
14871
14873
14874
14877
14471
14879
14885
14887
14893
14897
14898
14905
14510
14512
13337
14527
10457
12736
14801
14803
14804
14806
14572
14807
14808
14012
14058
14429
14125
14541
14508
13656
14464
14411
14221
6242
14098
14416
14470
14420
14103
14422
14105
14476
14477
14571
14172
14479
14012
14120
14126
14028
14131
14132
14032
14301
14302
14303
14304
14305
14150
14172
14174
12516
14067
10462
14072
10573
10004
14086
14092
14094
14221
14001
14098
14225
14103
11201
14008
14105
14107
14228
14108
18249
14260
14261
14025
14026
14027
14030
14272
14031
14032
14033
14034
14035
14036
14037
14304
14038
14043
14047
14051
14052
14055
14057
14059
14061
14068
14069
14070
14072
14075
11780
14080
14081
14085
14086
14091
13026
14092
14098
11106
14102
10012
14110
965
14111
14112
14127
14134
14139
14141
14145
14150
14169
14170
14174
14201
14202
14203
14204
14205
14206
14207
14208
14209
14210
14211
14212
14213
14214
14215
14216
14217
14218
14219
14220
14221
14222
14001
14223
14004
14224
14225
14006
14804
14226
14227
14009
14228
14025
11375
13431
12036
12210
14612
14614
14048
14051
14052
12791
14062
14063
14070
14081
13760
14086
14701
15143
14710
12832
14712
16371
14716
14718
14720
14120
14722
12401
14723
14724
14726
14728
14732
14733
14135
14136
14736
14138
14738
14740
14742
14166
14747
14750
14752
14755
14756
14757
14767
14769
14775
14781
14782
14784
14785
14221
14787
14001
14006
14226
14227
13126
14030
44022
14041
14042
14043
10549
14060
14062
14065
11042
1901
14070
14075
14081
14701
14706
14101
14879
14719
14726
14129
14727
14729
14730
14731
14134
14138
14737
14738
14141
14741
83120
14150
14743
14747
14748
14168
14751
14171
14753
14173
14174
14755
14760
14766
14770
14772
14775
14779
14215
10469
14783
14788
14226
14227
12019
14009
14013
14020
14482
14486
14591
14125
14026
14592
14036
14040
14143
14411
14416
14420
14525
14422
14054
14056
14058
14428
14557
14001
14004
14005
14103
14226
14105
14011
14481
14113
14024
14591
14130
14030
14905
14735
14037
14139
14039
14040
14145
14051
14167
14052
14525
14054
14427
14626
14530
14059
14533
14536
14437
14066
14082
14550
14083
14216
14466
14223
14004
13032
14226
14569
14009
14011
91773
92806
92805
92808
92807
92815
92821
92823
92822
92831
92833
92832
92835
90042
92840
92841
92844
92843
92845
92861
92860
92865
92867
92866
92869
92868
92870
92880
92887
92886
92382
92040
90262
92503
32128
92530
70119
92602
92604
92603
92606
92605
92607
92612
92610
92615
90621
92614
90620
90623
92617
90630
92618
92620
90631
92625
92624
92627
90638
92626
92629
90640
92637
92630
92647
94525
92646
92649
92648
90670
92651
92653
90680
92655
92654
92657
90703
92656
91702
91709
92661
91708
725
90710
92660
92663
91710
92662
92673
92672
91722
92675
92677
90720
92676
90731
92679
92678
92223
90732
92683
90740
92688
90743
92691
90742
92692
92697
92694
92701
91744
92703
92705
92704
90805
91752
92707
90804
92706
90807
92708
90808
90810
90815
90012
92780
92782
92802
92801
92804
92803
92264
92263
95610
92270
90023
94596
92274
92273
92276
92275
91790
92277
92280
94089
92282
92285
30537
92284
92835
92320
92860
92324
92336
92880
92335
92879
92882
92337
92881
92340
92883
92886
93560
92350
92373
92374
92028
92037
92399
92502
92501
92504
92503
92078
92506
92505
92508
92507
92509
92518
92522
92521
92101
92531
92530
92536
92532
92543
92539
92545
92544
3055
92548
92546
92551
92549
92553
92555
32967
92557
7052
29555
92562
92561
92563
92570
92567
92124
92571
92582
92584
92583
92586
92585
92589
92587
92591
92590
92592
92596
92595
92599
92153
92618
92620
85334
90650
92647
89521
92653
91709
91708
90715
92202
92675
92201
92677
92210
92203
91730
92220
92211
94549
92223
92226
92225
92230
94558
91739
92234
92694
92233
92236
92235
92240
92239
90803
92241
91752
92248
92247
92252
91761
98502
92254
91762
92253
92256
92255
91767
92258
92260
92262
92261
92264
92267
92268
91784
91786
98532
92278
92277
75034
92823
92280
93501
89019
92285
93505
92284
92286
92304
92301
90042
92307
93516
77433
92305
92309
92308
92311
92310
92313
92312
92315
92314
92317
92316
93528
92320
92318
92860
91911
92322
92321
92324
93535
92323
92326
92325
92327
92332
92870
92329
93544
92334
95660
92333
92336
92880
92335
92338
92881
92337
92340
93555
92339
92342
93558
92886
92341
92345
92344
89104
92347
92346
93562
92352
91008
92350
92356
92354
92358
92363
92359
80124
92365
92364
92368
92366
92371
92369
92373
15417
92372
92374
92377
92376
92382
92378
92026
92385
92027
92386
92392
92391
92394
92393
92397
92395
92399
92398
92401
92404
92403
92405
92408
92407
92411
96150
92410
92415
90250
92418
91342
92506
91352
92507
92509
92101
92543
92551
92552
92555
92562
92129
95460
92602
60148
92620
93311
91701
91706
91702
91709
91708
92663
91711
91710
92677
91730
91729
92223
92225
91737
92227
91739
91741
92242
94025
91752
91750
92250
91761
92252
91759
91763
91762
92256
91764
91767
91766
92260
91768
92262
90895
71446
91001
91006
91007
95620
91011
91010
91016
93505
91020
91017
93510
91023
91024
91030
91040
91043
91042
91101
91103
91105
95648
93534
91104
93532
91107
93536
91106
93535
91108
93543
93544
91117
93546
91123
93551
93550
93553
93552
93556
93560
93563
93590
91189
91202
91201
93591
91204
91203
91206
91205
91208
91207
91210
91214
91302
91301
91304
91303
91306
91307
91310
91311
91316
91313
91321
91325
91324
91326
91331
91330
91335
91340
91343
91342
91345
91344
91350
91346
91352
91351
91354
91356
91355
91357
91360
91362
91361
91364
91367
91365
91377
91381
91384
91387
91390
91396
91402
91401
91403
91406
91405
91411
91423
91436
91495
91501
91502
91505
91504
91506
93791
91602
91601
91604
91606
91605
91607
91614
91706
91702
91709
91708
91711
91710
91722
91724
91723
91730
94010
91732
91731
91733
91735
91740
91741
91745
91744
91747
91746
91748
91750
91755
91754
91759
91763
91765
91767
91766
91768
91770
91773
91772
91776
91775
91780
91778
91784
94080
91786
91790
91789
91792
91791
91801
91803
98174
91910
34110
91008
92024
70047
70062
70115
70117
70119
94402
70125
70128
94513
94573
92325
92335
70503
92345
92372
92397
70548
70563
70607
70663
70668
92592
70669
92602
92620
92627
92630
92646
92649
92648
92651
92656
92660
92662
92691
92705
90002
90001
90004
90003
90006
90005
90008
90007
90010
90012
90011
90014
90013
92802
90016
90015
90018
90017
90020
90019
92805
90022
90021
90024
90023
90026
90025
90028
90027
92821
90029
90032
92823
90031
90034
90033
90036
92833
92832
90035
90038
90037
90040
90039
90042
90041
90044
90043
90046
90045
90048
90047
90049
90054
90056
90058
90057
90060
90059
90062
90061
90064
90063
92870
90066
90065
92880
90068
90067
90069
90071
90074
92886
90077
93004
90084
90089
90095
90094
90096
90201
90189
95353
90211
90210
90212
90221
90220
90222
93063
90230
90232
90241
90240
90245
90242
90248
90247
90250
93108
90249
90254
90260
90255
90262
90263
90266
90265
90270
90274
33401
90272
90277
90275
90280
90278
90291
90290
90293
90292
90301
90303
90302
90305
90304
90402
90401
90404
90403
93243
90405
90501
90503
90502
90505
90504
90508
90601
90603
90602
90605
90604
90606
90621
90623
90630
90631
90639
90638
90650
90640
90660
90670
93312
90702
90701
90704
90703
90706
90710
90713
90712
90715
90717
90716
90731
90723
90733
90732
90740
90745
90744
90747
90746
90755
90803
90802
90805
90804
90807
90806
90808
90813
90810
90815
90814
90840
95223
91011
90034
93502
90033
93501
93505
93504
59911
93516
93518
93519
93524
93523
93527
93528
93531
93532
93536
90057
93535
93543
93542
93550
95661
93555
93554
93558
93556
93561
93560
92363
91205
89123
93030
65609
92395
90222
91322
91325
93109
91343
93651
93203
93205
90290
93206
93215
91367
83255
93220
93222
93224
77584
93226
93225
93230
93238
93241
93240
93243
91406
93250
93249
93252
93251
93255
92602
93263
93268
93274
95076
93276
91506
93280
93285
93283
93287
94516
95112
93301
93305
93304
93307
93306
93309
93308
93312
93311
93314
93313
95131
93388
94546
92683
90744
48225
90001
90006
90813
90016
91362
93010
91361
93009
93012
93011
93013
93015
91377
93021
93222
93023
92277
93022
93030
93024
93225
93932
91302
93033
91304
93036
93035
93041
93040
91307
93060
91311
93064
93063
91320
93066
93065
93252
93099
92701
91330
93108
90265
91354
93001
93201
93003
93002
93004
91360
93006
93455
93454
93013
93456
93460
93458
93463
92672
93252
93067
93254
93101
93105
93103
93427
93106
93109
93429
91436
93108
93111
93110
93117
93434
93436
93437
93441
93440
93190
93160
